A	B	C	D	E	F	G	H	I	J
72	-26.98602	-24.06313	-20.98357	-18.09691	-15.14821	-12.24391	-9.29614	-5.96706	-3.10019
72.048	-26.99441	-24.02425	-20.99177	-18.08102	-14.96208	-12.2199	-9.2638	-5.0909	-3.10394
72.096	-27.0021	-24.04385	-21.01846	-18.02384	-14.84453	-12.21699	-9.2259	-4.98822	-3.10931
72.144	-26.98926	-24.07142	-21.00711	-18.0889	-14.96477	-12.17774	-9.07646	-4.85963	-3.13906
72.192	-27.00539	-24.07777	-20.99909	-18.07092	-15.02909	-12.20494	-8.93963	-4.76191	-3.14263
72.24	-27.03342	-24.08736	-21.00614	-17.93247	-15.08103	-12.03748	-8.84668	-4.81135	-3.16853
72.288	-27.028	-24.09042	-21.05873	-17.93835	-15.06365	-11.95269	-8.78654	-5.04062	-3.04792
72.336	-27.03008	-24.12832	-21.08648	-17.94002	-15.12722	-11.83439	-8.61602	-5.04776	-2.93185
72.384	-27.02249	-24.10275	-21.05377	-18.02977	-15.16633	-11.59798	-8.47674	-5.2275	-2.8787
72.432	-27.01753	-24.08185	-21.03764	-18.09831	-15.18102	-11.87011	-8.42994	-5.35552	-2.85516
72.48	-26.98125	-24.09399	-21.01105	-18.10178	-15.21721	-12.02325	-8.37382	-5.55898	-2.78163
72.528	-26.93435	-24.11211	-20.98185	-18.10753	-15.26271	-12.12088	-8.12672	-5.81772	-2.70035
72.576	-26.9591	-24.03899	-20.97935	-18.14307	-15.14391	-12.09424	-7.95157	-6.04041	-2.61667
72.624	-26.98444	-24.08407	-21.03922	-18.16327	-15.02927	-12.11713	-8.17606	-6.05274	-2.39278
72.672	-26.94946	-24.05372	-20.98237	-18.11642	-14.9771	-12.15244	-8.40098	-6.10167	-2.42215
72.72	-26.98236	-24.02879	-21.02291	-18.05266	-14.94193	-12.26392	-8.44972	-6.11015	-2.12746
72.768	-27.01549	-24.04112	-21.05627	-18.07435	-15.09479	-12.21773	-8.5632	-6.10524	-1.86686
72.816	-26.98741	-24.04668	-21.01943	-18.05271	-15.10466	-12.21184	-8.98351	-6.01201	-1.94582
72.864	-26.9306	-24.05766	-20.99075	-18.09502	-15.13723	-12.12218	-9.20213	-6.07961	-2.05573
72.912	-26.96484	-24.05178	-21.05488	-18.1021	-15.21874	-12.06667	-9.14916	-6.10236	-2.05332
72.96	-27.00446	-24.04413	-21.0932	-18.05225	-15.19608	-11.96121	-9.26074	-6.12655	-1.85143
73.008	-27.03171	-24.04478	-21.09885	-18.01629	-15.16884	-11.82605	-9.28252	-6.19601	-1.91584
73.056	-27.02286	-24.08134	-21.0888	-18.04812	-15.20391	-11.7204	-9.26561	-6.30759	-1.92983
73.104	-27.00997	-24.10437	-21.04005	-18.05897	-15.18482	-11.62912	-9.1784	-6.04866	-2.03668
73.152	-26.98681	-24.09251	-21.04283	-18.08422	-15.12102	-11.62463	-9.17034	-5.80702	-2.30738
73.2	-26.97652	-24.06674	-21.02546	-18.0579	-15.14984	-11.46417	-9.16529	-5.65768	-2.41265
73.248	-26.8933	-23.94664	-21.01035	-18.0497	-15.07403	-11.52783	-9.12187	-5.59735	-2.70392
73.296	-26.94052	-23.99261	-21.0793	-17.99298	-15.05096	-11.48483	-9.13522	-5.48637	-2.88574
73.344	-26.94793	-24.03449	-21.0723	-18.04877	-15.07829	-11.6262	-8.83065	-5.28111	-2.85164
73.392	-26.96086	-24.08189	-20.99886	-18.11207	-15.11569	-11.89806	-8.75637	-5.12241	-2.74256
73.44	-27.01424	-24.09533	-21.0243	-18.11804	-15.07185	-12.012	-8.61598	-4.80167	-2.8079
73.488	-26.9603	-24.10034	-21.06869	-18.11378	-15.08696	-12.04188	-8.27796	-4.5306	-3.03712
73.536	-26.97244	-24.061	-21.09941	-18.12444	-15.11884	-12.0809	-7.81131	-4.65478	-2.91405
73.584	-26.97837	-24.05975	-21.11841	-18.11341	-15.12866	-12.09188	-7.71354	-4.44799	-2.97332
73.632	-26.93018	-24.07314	-21.09733	-18.06485	-15.14122	-12.0379	-7.56587	-4.4573	-3.00844
73.68	-26.9275	-24.12193	-21.06053	-18.06175	-15.05309	-11.98864	-7.46166	-4.67272	-3.05329
73.728	-26.94394	-24.09	-21.05405	-18.1041	-15.05883	-11.9456	-7.51568	-4.97798	-2.92281
73.776	-26.95474	-24.10168	-20.95201	-18.13204	-15.05522	-11.91228	-7.76706	-5.24028	-2.78552
73.824	-26.96331	-24.09505	-20.91217	-18.18319	-15.08881	-11.89384	-7.70186	-5.53985	-2.82134
73.872	-26.94107	-24.07661	-21.00034	-18.19663	-15.06045	-11.91154	-7.9334	-5.77857	-2.78788
73.92	-26.92152	-24.07388	-21.01499	-18.14265	-15.04646	-11.62972	-8.27026	-5.93991	-2.64628
73.968	-26.92657	-24.10372	-21.01499	-18.09163	-15.06022	-11.54396	-8.65684	-5.89079	-2.68576
74.016	-26.94649	-24.11132	-21.02379	-18.11068	-15.0921	-11.20737	-8.87393	-5.92633	-2.67909
74.064	-26.98713	-24.10483	-21.06396	-18.12759	-15.12959	-10.81727	-8.99996	-5.9792	-2.58896
74.112	-26.98287	-24.08444	-21.03069	-18.06555	-15.14928	-10.59958	-9.12507	-5.99797	-2.48939
74.16	-26.96076	-24.10835	-21.07953	-18.049	-15.15975	-10.45312	-9.24874	-5.947	-2.04155
74.208	-26.95933	-24.09366	-21.07105	-18.04859	-15.15322	-10.35294	-9.35411	-5.71208	-2.01398
74.256	-26.97476	-24.09019	-21.0781	-18.06184	-15.08066	-10.36665	-9.29957	-5.74942	-1.7639
74.304	-26.98917	-24.06609	-21.04598	-18.12532	-15.10016	-10.71973	-9.12558	-5.94028	-1.65997
74.352	-26.96086	-24.10409	-21.05766	-18.12208	-15.14038	-10.95456	-8.94464	-6.11877	-1.59177
74.4	-26.98866	-24.06155	-20.96225	-18.14177	-15.08779	-11.44091	-8.75656	-6.07447	-1.59812
74.448	-26.96623	-24.05354	-20.94344	-18.08204	-15.06069	-11.72972	-8.69248	-5.89316	-1.66428
74.496	-26.98064	-24.07244	-20.98765	-18.08264	-15.04373	-11.94272	-8.53123	-5.73455	-1.72906
74.544	-26.95887	-24.07888	-21.02953	-18.0668	-14.94925	-12.03183	-8.25747	-5.52956	-1.65001
74.592	-26.94399	-24.03579	-21.04205	-18.0535	-14.95365	-11.95769	-8.06717	-5.48865	-1.82641
74.64	-26.93357	-23.96916	-21.04348	-18.04252	-14.94693	-11.87535	-7.89337	-5.19932	-1.96375
74.688	-26.97207	-24.05729	-21.00354	-17.98381	-15.02126	-11.80019	-7.71173	-4.98372	-2.25571
74.736	-26.96873	-24.09899	-21.04432	-17.94943	-15.07811	-11.68964	-7.55108	-4.54756	-2.54999
74.784	-26.98736	-24.08949	-21.03422	-17.98432	-15.05647	-11.75321	-7.52792	-4.22219	-2.75466
74.832	-26.98968	-24.09997	-21.01119	-18.07032	-15.05545	-11.70363	-7.50378	-4.30291	-2.868
74.88	-27.00149	-24.13931	-21.00053	-18.08496	-14.99081	-11.67101	-7.35179	-4.48464	-2.92128
74.928	-26.97587	-24.11614	-20.96745	-18.07495	-14.91148	-11.55267	-7.55683	-4.54399	-2.85581
74.976	-26.93829	-24.0863	-21.02879	-18.11855	-14.5737	-11.36992	-7.92956	-4.68912	-2.91429
75.024	-26.91953	-24.06396	-21.02759	-18.06587	-14.37251	-11.05321	-8.30186	-4.6609	-2.78867
75.072	-26.94339	-24.06318	-21.08806	-18.05225	-14.36824	-10.79586	-8.77398	-4.99785	-2.83491
75.12	-26.92977	-24.08407	-21.02189	-18.09571	-14.23683	-10.43834	-8.96831	-5.19696	-2.84145
75.168	-26.89538	-24.07128	-21.03264	-17.99451	-14.16617	-10.31745	-9.09755	-5.31326	-2.84849
75.216	-26.85748	-24.04872	-21.03755	-17.94002	-14.23447	-10.42601	-9.15514	-5.58757	-2.78927
75.264	-26.89159	-24.03987	-20.9889	-17.97009	-14.30954	-10.60598	-9.20305	-5.47771	-2.79321
75.312	-26.91494	-24.08037	-20.95999	-17.97802	-14.48431	-10.77858	-9.17196	-5.43985	-2.80869
75.36	-26.99436	-24.07216	-21.00164	-18.07083	-14.65437	-11.08342	-8.97749	-5.37151	-2.69984
75.408	-26.98926	-24.09839	-21.00776	-18.0863	-14.80714	-11.42297	-9.01354	-5.41228	-2.30186
75.456	-26.97735	-24.07768	-21.00438	-18.01671	-14.93132	-11.5459	-8.89033	-5.5714	-1.95198
75.504	-26.97684	-23.98519	-20.99659	-18.05535	-14.97362	-11.59168	-8.94079	-5.83065	-1.89402
75.552	-26.95409	-24.02935	-21.02231	-18.01606	-14.96672	-11.56388	-8.85048	-5.9546	-1.7545
75.6	-26.95831	-24.02462	-21.0237	-18.06082	-14.93479	-11.62018	-8.46135	-6.10677	-1.95768
75.648	-26.973	-24.01749	-21.01244	-17.98557	-14.86825	-11.72087	-8.17097	-6.08851	-2.08052
75.696	-26.96151	-24.00289	-21.05256	-17.94813	-14.69811	-11.80094	-8.15243	-5.82532	-2.00453
75.744	-26.90549	-23.99719	-20.99214	-17.83308	-14.51476	-11.9323	-8.1396	-5.63488	-2.0074
75.792	-26.87958	-24.01832	-20.9352	-17.86644	-14.13642	-11.88596	-7.90718	-5.62631	-1.92256
75.84	-26.90618	-23.9883	-20.92482	-17.85342	-13.76458	-11.82457	-7.66123	-5.61607	-1.75237
75.888	-26.95043	-23.9832	-20.95887	-17.90587	-13.78622	-11.61374	-7.50252	-5.57502	-1.65678
75.936	-26.9799	-23.97963	-20.95859	-17.99586	-13.70263	-11.35125	-7.41768	-5.5682	-1.72165
75.984	-26.95956	-23.9838	-20.96119	-18.07268	-13.90164	-11.14403	-7.4244	-5.37665	-1.83656
76.032	-26.95743	-24.00039	-20.98028	-18.1287	-14.2082	-10.79795	-7.83332	-5.26674	-1.74069
76.08	-27.01187	-24.02208	-21.04557	-18.08167	-14.44572	-10.48926	-8.01602	-5.10017	-1.82201
76.128	-27.00024	-24.04478	-21.05293	-17.90671	-14.7469	-10.47568	-8.42924	-4.77697	-2.10271
76.176	-26.97161	-24.05558	-21.02708	-17.89053	-14.74403	-10.36916	-8.82194	-4.69431	-2.30909
76.224	-26.94371	-24.0629	-21.00252	-17.8366	-14.76951	-10.3325	-8.81244	-4.63833	-2.51163
76.272	-26.94376	-24.0603	-21.01489	-17.81311	-14.85695	-10.29516	-8.86753	-4.41625	-2.57543
76.32	-26.99589	-24.08078	-20.97013	-17.90698	-14.82502	-10.83743	-8.84177	-4.72897	-2.52798
76.368	-27.00543	-24.10483	-20.93955	-18.01217	-14.81033	-11.25422	-8.6713	-5.02195	-2.44671
76.416	-27.01498	-24.05224	-20.98209	-18.04418	-14.79662	-11.32001	-8.50843	-5.22615	-2.45093
76.464	-27.00159	-23.98288	-20.98037	-18.07889	-14.81515	-11.5813	-8.426	-5.28861	-2.5253
76.512	-26.98491	-23.99784	-20.92723	-18.10785	-14.63055	-11.77772	-8.49212	-5.23333	-2.52645
76.56	-27.01414	-23.99117	-20.87162	-18.11902	-14.42297	-11.94194	-8.47924	-5.38633	-2.69646
76.608	-27.01739	-23.97704	-20.77687	-18.11865	-13.93792	-11.95384	-8.6865	-5.68182	-2.55486
76.656	-27.00854	-24.00734	-20.73298	-18.07027	-13.66815	-11.92192	-8.76967	-5.72607	-2.29964
76.704	-27.00261	-23.9851	-20.82756	-17.97589	-13.54198	-11.89662	-8.59323	-5.78575	-2.12514
76.752	-26.99862	-24.0022	-20.99455	-17.95267	-13.82912	-11.98776	-8.64341	-5.83311	-2.15646
76.8	-26.93218	-24.00294	-20.97328	-17.89466	-14.04403	-12.00365	-8.60175	-6.00117	-1.98419
76.848	-26.92143	-24.02485	-20.99854	-17.93808	-14.31996	-11.83054	-8.50431	-6.01442	-2.01973
76.896	-26.96076	-24.05641	-21.00678	-17.87223	-14.66308	-11.66554	-8.30812	-5.87499	-2.09349
76.944	-26.98833	-24.05646	-21.00234	-17.90837	-14.86913	-11.38994	-8.19608	-5.72857	-2.33393
76.992	-27.00891	-24.02309	-20.9832	-17.98497	-14.94304	-10.87885	-7.98039	-5.63252	-2.38193
77.04	-27.03092	-24.03097	-20.99724	-17.97575	-14.98683	-10.45228	-7.87534	-5.54568	-2.33847
77.088	-26.97244	-23.98422	-21.02407	-17.97185	-14.85676	-10.23881	-7.76001	-5.47725	-2.27962
77.136	-26.93621	-24.00461	-21.02926	-17.92098	-14.76622	-10.41642	-7.87868	-5.20039	-2.09854
77.184	-26.94089	-24.05164	-21.06072	-17.98196	-14.74597	-10.47286	-8.039	-5.02023	-1.71813
77.232	-26.9395	-24.07541	-21.00141	-18.00976	-14.7475	-10.76741	-8.36951	-4.87085	-1.58037
77.28	-26.96484	-24.07105	-21.04367	-18.01068	-14.57838	-11.05859	-8.59285	-4.69904	-1.63509
77.328	-27.00349	-24.04663	-20.99061	-18.03816	-14.29049	-11.39355	-8.56417	-4.46193	-1.64074
77.376	-26.97374	-24.00627	-21.00275	-18.01235	-14.16534	-11.71679	-8.48341	-4.50628	-1.83387
77.424	-26.94784	-24.0407	-21.03459	-17.95216	-13.69494	-11.78328	-8.67881	-4.33196	-2.01843
77.472	-26.96484	-24.06906	-21.0079	-17.96523	-13.45575	-11.85274	-8.74396	-4.35962	-2.28727
77.52	-26.99631	-24.05808	-20.98593	-17.86653	-13.3495	-11.931	-8.81434	-4.52282	-2.28231
77.568	-26.98013	-23.99562	-20.95725	-17.71543	-13.44486	-11.9493	-8.77648	-4.54455	-2.26549
77.616	-27.00177	-23.94831	-20.96045	-17.49154	-13.94496	-11.89541	-8.81777	-4.51934	-2.31382
77.664	-26.99691	-23.92268	-20.97328	-17.36504	-14.43928	-11.85663	-8.83162	-4.89944	-2.4949
77.712	-26.99394	-23.9623	-20.94993	-17.3093	-14.80667	-11.6667	-8.73844	-5.28013	-2.48786
77.76	-26.99111	-24.01494	-20.96508	-17.21964	-14.88707	-11.58969	-8.73881	-5.47627	-2.64619
77.808	-26.95497	-24.03153	-20.98983	-17.40693	-14.7804	-11.50846	-8.56626	-5.61092	-2.69706
77.856	-26.92059	-24.04705	-21.04853	-17.63745	-14.79379	-11.12925	-8.42836	-5.74256	-2.61454
77.904	-26.94881	-24.08565	-21.03899	-17.78521	-14.76117	-10.79837	-8.11773	-5.67366	-2.55977
77.952	-26.99255	-24.07758	-20.95378	-17.86398	-14.68643	-10.51748	-7.93062	-5.5954	-2.40144
78	-26.9584	-24.04974	-20.94321	-17.90467	-14.72466	-10.54343	-7.60113	-5.48207	-2.15887
78.048	-26.92328	-24.01851	-20.9901	-17.90087	-14.67248	-10.46062	-7.50368	-5.49564	-2.12194
78.096	-26.92916	-23.99756	-20.9907	-17.9156	-14.42079	-10.5381	-7.15325	-5.35886	-2.12431
78.144	-26.9552	-24.01105	-21.01137	-17.76186	-14.17655	-10.99358	-7.19277	-5.06968	-2.05369
78.192	-26.9489	-23.98454	-21.01795	-17.30828	-13.53415	-11.35125	-7.4118	-5.12162	-2.02278
78.24	-26.97559	-23.99956	-20.99103	-17.02303	-13.21388	-11.484	-7.55414	-5.03775	-1.83044
78.288	-26.95627	-24.03287	-20.97857	-16.88046	-13.07867	-11.64969	-7.71187	-4.84634	-1.78309
78.336	-26.94473	-24.04506	-21.02453	-17.02836	-13.36262	-11.73194	-7.9543	-4.96593	-1.71382
78.384	-26.86513	-24.04112	-21.01049	-17.1739	-13.87592	-11.7211	-8.21841	-4.60317	-1.83012
78.432	-26.91985	-24.00762	-21.03389	-17.46132	-14.31255	-11.67254	-8.40598	-4.55525	-1.65756
78.48	-26.94696	-24.01749	-21.05623	-17.72734	-14.56494	-11.64854	-8.55222	-4.48969	-1.52189
78.528	-26.91072	-23.956	-21.0439	-17.86079	-14.79008	-11.54618	-8.66055	-4.5022	-1.5882
78.576	-26.90122	-24.00609	-20.97458	-17.90235	-14.85551	-11.40277	-8.57687	-4.55993	-1.73147
78.624	-26.92717	-23.99696	-20.93723	-17.90439	-14.8715	-11.32595	-8.38031	-4.62402	-1.8462
78.672	-26.97063	-24.0148	-20.99247	-17.88155	-14.81001	-11.08671	-8.3862	-4.74834	-1.83614
78.72	-26.94927	-24.02189	-21.037	-17.72201	-14.82437	-10.99576	-8.33152	-4.95694	-1.87391
78.768	-26.89089	-24.05854	-21.02296	-17.53189	-14.83244	-10.66191	-8.13835	-4.94545	-2.14228
78.816	-26.91086	-24.06985	-21.0047	-16.85812	-14.63922	-10.23756	-7.92747	-4.89633	-2.37929
78.864	-26.86879	-24.07763	-20.98589	-16.71916	-14.37603	-10.08943	-7.76807	-4.77665	-2.37591
78.912	-26.8794	-23.99891	-20.96309	-16.81577	-13.93083	-10.11171	-7.76428	-4.77053	-2.30631
78.96	-26.92532	-24.01865	-20.85689	-16.83199	-13.72139	-10.06658	-7.62772	-5.03418	-2.35853
79.008	-26.9515	-24.04265	-20.81875	-17.30925	-13.32226	-10.1429	-7.45345	-5.18751	-2.30427
79.056	-26.9439	-24.03509	-20.85855	-17.58759	-13.49245	-10.36971	-7.53408	-5.20521	-2.37503
79.104	-26.96012	-24.01827	-20.80564	-17.67859	-13.71667	-10.63151	-7.50035	-5.00976	-2.42039
79.152	-26.92546	-24.02129	-20.81264	-17.69245	-14.05663	-10.91573	-7.55697	-4.95513	-2.53864
79.2	-26.90377	-24.04362	-20.80782	-17.7329	-14.36384	-11.16697	-7.54589	-4.92265	-2.5645
79.248	-26.96517	-24.04334	-20.88492	-17.59686	-14.58241	-11.27558	-7.3422	-4.9208	-2.37591
79.296	-26.98875	-24.05344	-20.95336	-17.38033	-14.63347	-11.21353	-7.40262	-4.74597	-2.4241
79.344	-26.96243	-24.03547	-21.00428	-17.10945	-14.63175	-11.01739	-7.26575	-4.56953	-2.22782
79.392	-26.97054	-24.0294	-20.96448	-16.66805	-14.60961	-10.94544	-7.40313	-4.55155	-2.08928
79.44	-26.92004	-24.02597	-20.78752	-16.50935	-14.43923	-10.77992	-7.65117	-4.6527	-1.95615
79.488	-26.97388	-24.02624	-20.66575	-16.52724	-14.28331	-10.59356	-7.91023	-4.94123	-2.01648
79.536	-26.97212	-24.02518	-20.63651	-16.84547	-14.15278	-10.64546	-7.98951	-4.97983	-1.85065
79.584	-26.92805	-24.06229	-20.7271	-17.26996	-13.71685	-10.67715	-7.88387	-5.28083	-1.92608
79.632	-26.91916	-24.02601	-20.84104	-17.56433	-13.48429	-10.32708	-7.60057	-5.39491	-1.98516
79.68	-26.90929	-24.03801	-20.88307	-17.6905	-13.24627	-10.12093	-7.63106	-5.39583	-1.92682
79.728	-26.89719	-24.04543	-20.82529	-17.71121	-13.10712	-9.97011	-7.82025	-5.43758	-2.03993
79.776	-26.95094	-24.059	-20.75337	-17.7576	-12.85121	-10.09888	-7.81687	-5.44977	-2.18737
79.824	-26.95437	-24.05002	-20.62234	-17.66789	-13.05448	-10.20439	-7.8872	-5.31822	-2.32184
79.872	-26.95571	-24.05692	-20.35057	-17.37092	-13.16819	-9.97669	-7.83155	-5.18996	-2.30288
79.92	-26.91281	-24.00034	-20.33366	-16.73533	-13.53165	-10.07117	-7.88971	-5.17708	-2.48128
79.968	-26.93959	-23.94956	-20.44705	-16.36145	-13.90549	-10.15091	-7.88257	-5.29348	-2.40515
80.016	-26.97077	-23.99214	-20.65991	-16.08232	-13.92889	-10.36489	-7.97158	-5.18992	-2.21021
80.064	-26.93227	-23.99043	-20.78979	-16.19376	-13.94348	-10.37059	-8.01769	-4.9302	-2.27239
80.112	-26.91971	-23.97713	-20.76834	-16.59934	-13.7238	-10.22792	-8.11949	-4.62411	-2.01778
80.16	-26.89316	-24.05979	-20.80101	-17.03059	-13.43059	-10.29307	-8.10989	-5.00003	-2.0725
80.208	-26.90456	-23.95887	-20.73604	-17.21523	-13.3065	-10.35317	-8.06189	-5.15113	-2.20377
80.256	-26.90581	-23.90424	-20.30836	-17.30207	-13.15934	-10.16444	-8.05675	-5.09372	-2.39963
80.304	-26.91651	-23.99293	-19.73625	-17.49079	-13.13691	-10.02442	-8.17699	-5.13895	-2.48387
80.352	-26.91638	-23.99798	-19.84741	-17.48565	-12.76669	-10.34979	-7.99378	-5.19446	-2.42484
80.4	-26.93389	-23.97416	-20.24428	-17.34627	-12.62916	-10.45914	-7.67749	-5.09979	-1.97246
80.448	-26.98296	-23.97495	-20.39052	-16.99176	-12.49373	-10.39918	-7.47236	-5.10929	-1.87242
80.496	-26.97471	-23.93974	-20.42694	-16.40468	-12.27141	-10.72071	-7.71817	-5.06435	-1.92668
80.544	-26.91633	-23.89595	-20.56942	-15.78146	-12.38066	-10.82139	-8.0314	-4.70367	-1.88239
80.592	-26.88403	-23.88172	-20.48768	-15.70265	-12.55521	-10.82441	-8.05327	-4.52124	-2.08701
80.64	-26.89603	-23.84581	-20.12974	-15.70408	-12.54798	-10.73299	-8.02116	-4.91593	-2.05726
80.688	-26.87036	-23.81889	-19.86836	-16.24751	-12.98572	-10.69429	-7.81673	-5.24237	-2.01653
80.736	-26.91304	-23.84164	-19.99096	-16.69984	-12.93285	-10.3117	-7.72392	-5.45894	-2.2293
80.784	-26.94362	-23.87931	-20.10036	-16.63562	-12.85037	-9.97854	-7.75353	-5.63636	-2.3116
80.832	-26.95812	-23.91708	-20.18863	-16.4721	-12.87034	-9.79162	-7.86163	-5.69544	-2.37943
80.88	-26.9262	-23.91263	-20.17922	-16.4297	-13.02274	-9.823	-8.20956	-5.72811	-2.35561
80.928	-26.93598	-23.9029	-20.12316	-16.45801	-13.22555	-10.09791	-8.41034	-5.66639	-2.57247
80.976	-26.88955	-23.78813	-20.09267	-16.41701	-13.47498	-10.05657	-8.64855	-5.75832	-2.34996
81.024	-26.85808	-23.83321	-19.65049	-16.16665	-13.61496	-10.48115	-8.65657	-5.95705	-2.19557
81.072	-26.8453	-23.83599	-19.52033	-16.02978	-13.49653	-10.83798	-8.67584	-5.92068	-2.28458
81.12	-26.78056	-23.83316	-19.57329	-15.81348	-13.4792	-11.10446	-8.87685	-5.81119	-2.38624
81.168	-26.82755	-23.79475	-19.52908	-15.86547	-13.2667	-11.14023	-8.91248	-5.75707	-2.56149
81.216	-26.81138	-23.69151	-19.58858	-16.02751	-12.62819	-11.25797	-8.97605	-5.68529	-2.73126
81.264	-26.76027	-23.62257	-19.41542	-16.30362	-12.20236	-11.38549	-8.90521	-5.63655	-2.84636
81.312	-26.7415	-23.58967	-19.295	-16.58358	-12.55947	-11.4777	-8.78626	-5.68432	-2.911
81.36	-26.74044	-23.68322	-19.27614	-16.92323	-13.02395	-11.4764	-8.6151	-5.30733	-2.95173
81.408	-26.70332	-23.74211	-19.57792	-16.95654	-13.57173	-11.41625	-8.51042	-4.54312	-2.99658
81.456	-26.66208	-23.81458	-19.83217	-16.97716	-13.91656	-11.21312	-8.28027	-4.58245	-2.93884
81.504	-26.74558	-23.77612	-20.02678	-16.93157	-14.24189	-11.17146	-7.9005	-4.99382	-2.85544
81.552	-26.71347	-23.70166	-20.18024	-16.87916	-14.42236	-11.19	-7.795	-5.19423	-2.87467
81.6	-26.79882	-23.72863	-20.18794	-16.47284	-14.45132	-11.00743	-8.0011	-5.28226	-2.85433
81.648	-26.81893	-23.69925	-20.17478	-16.22953	-14.42162	-10.87315	-8.04961	-5.24835	-2.86906
81.696	-26.851	-23.79267	-20.11157	-16.65865	-14.38812	-10.09902	-8.26637	-5.14191	-2.85595
81.744	-26.91174	-23.82556	-19.57032	-17.09902	-14.33734	-9.97447	-8.38286	-5.33342	-2.81401
81.792	-26.86749	-23.75407	-19.65215	-17.32709	-14.1209	-10.2813	-8.4506	-5.68687	-2.7972
81.84	-26.83251	-23.6342	-19.96529	-17.47648	-13.78084	-10.62896	-8.68599	-5.77829	-2.71754
81.888	-26.84534	-23.67887	-20.19058	-17.53027	-13.39908	-10.89933	-8.83769	-5.90761	-2.72945
81.936	-26.8288	-23.65028	-20.31925	-17.42356	-12.87396	-11.11433	-8.9128	-6.01219	-2.56779
81.984	-26.8623	-23.62294	-20.38922	-17.43005	-13.07056	-11.48024	-8.9793	-6.13934	-2.5094
82.032	-26.91151	-23.67664	-20.09545	-17.19888	-13.40816	-11.6275	-9.02114	-6.09477	-2.70063
82.08	-26.97337	-23.64782	-19.65591	-17.02781	-13.83112	-11.67625	-9.0121	-6.05723	-2.80401
82.128	-27.02647	-23.60737	-19.69775	-16.57617	-14.32598	-11.67995	-9.02327	-6.0361	-2.86888
82.176	-26.95803	-23.63939	-20.18845	-16.28356	-14.51615	-11.65201	-8.98926	-5.94371	-2.92082
82.224	-26.9028	-23.69286	-20.30804	-16.45375	-14.57036	-11.69158	-9.10955	-6.0405	-2.76068
82.272	-26.93111	-23.70444	-20.40993	-17.01233	-14.54548	-11.68528	-9.13081	-6.06442	-2.65999
82.32	-26.91781	-23.63359	-20.44209	-17.35105	-14.50623	-11.71924	-9.01395	-5.93884	-2.52733
82.368	-26.89673	-23.73261	-20.48476	-17.49098	-14.45901	-11.62574	-8.70869	-5.87745	-2.56478
82.416	-26.87597	-23.82445	-20.12937	-17.57749	-14.51888	-11.33405	-8.29394	-5.97457	-2.87856
82.464	-26.86147	-23.84493	-19.76785	-17.65	-14.42802	-11.1489	-8.23713	-6.01034	-3.01447
82.512	-26.87518	-23.78103	-19.87846	-17.64848	-14.40842	-11.17545	-8.4677	-5.90988	-3.04505
82.56	-26.89038	-23.80128	-20.17329	-17.59755	-14.09787	-10.89127	-8.31794	-5.93263	-3.03606
82.608	-26.91892	-23.84377	-20.36689	-17.40609	-13.86332	-10.75652	-8.09359	-5.48081	-3.08522
82.656	-26.93454	-23.85439	-20.37004	-17.18484	-13.56302	-10.56238	-8.18408	-5.21452	-3.07201
82.704	-26.97694	-23.78988	-20.53879	-16.89047	-13.60732	-10.54491	-8.29714	-5.27884	-3.14087
82.752	-26.95817	-23.77696	-20.59625	-16.84728	-13.94441	-10.87862	-8.25798	-5.51265	-3.13253
82.8	-26.91109	-23.88265	-20.47758	-17.07196	-14.17845	-11.13444	-8.26401	-5.58488	-3.17136
82.848	-26.87671	-23.86055	-20.09114	-17.32987	-14.43413	-11.36306	-8.49671	-5.42391	-3.06052
82.896	-26.89849	-23.79577	-20.28631	-17.5931	-14.5496	-11.61017	-8.62849	-5.19066	-3.00483
82.944	-26.89399	-23.72395	-20.53091	-17.66057	-14.63106	-11.65331	-8.85952	-5.36145	-3.10357
82.992	-26.95233	-23.7278	-20.66223	-17.65598	-14.73555	-11.76368	-8.96243	-5.5398	-3.11196
83.04	-26.9882	-23.74758	-20.75485	-17.67915	-14.63347	-11.71642	-9.03249	-5.80832	-3.04773
83.088	-26.9724	-23.71867	-20.81727	-17.74416	-14.61359	-11.73125	-9.07507	-5.92351	-2.98157
83.136	-26.94487	-23.8023	-20.75717	-17.68235	-14.60099	-11.81548	-9.12632	-6.03156	-2.97096
83.184	-26.98588	-23.83831	-20.47814	-17.52138	-14.70344	-11.73018	-9.01071	-6.07146	-2.91002
83.232	-26.99441	-23.8864	-20.25535	-17.05232	-14.63199	-11.80538	-8.95798	-6.15783	-2.80799
83.28	-26.98871	-23.85485	-20.52693	-17.01247	-14.37839	-11.754	-9.04078	-6.1183	-2.74294
83.328	-26.90206	-23.71607	-20.49389	-17.20221	-13.93176	-11.62166	-9.09027	-6.05153	-2.30066
83.376	-26.94269	-23.82408	-20.62076	-17.35475	-13.64086	-11.51968	-9.12947	-5.90585	-2.13223
83.424	-26.92916	-23.90957	-20.67933	-17.51095	-13.5816	-11.21951	-9.09782	-5.97758	-2.45306
83.472	-26.96322	-23.85323	-20.67354	-17.65121	-13.91619	-11.07666	-8.87221	-5.9666	-2.48818
83.52	-26.89349	-23.86203	-20.4457	-17.77576	-14.26649	-11.12174	-8.54341	-6.08615	-2.48953
83.568	-26.92523	-23.8814	-20.24117	-17.74546	-14.58926	-11.09139	-8.48582	-6.00923	-2.47229
83.616	-26.9755	-23.82654	-20.46034	-17.64945	-14.59937	-11.17169	-8.39769	-5.90205	-2.55597
83.664	-26.95419	-23.75388	-20.69513	-17.71158	-14.71785	-11.47163	-8.16735	-5.71727	-2.51779
83.712	-26.89566	-23.7252	-20.79711	-17.72576	-14.71961	-11.74	-8.14099	-5.71143	-2.49977
83.76	-26.93908	-23.87139	-20.76996	-17.40336	-14.66433	-11.85478	-8.32726	-5.87351	-2.62464
83.808	-26.93584	-23.90684	-20.75833	-16.9665	-14.73045	-11.8494	-8.41664	-5.75679	-2.78028
83.856	-26.90322	-23.86504	-20.76204	-16.77092	-14.75709	-11.8494	-8.24214	-5.64415	-2.90414
83.904	-26.9059	-23.86704	-20.37189	-16.99282	-14.79291	-11.78532	-8.33727	-5.46353	-2.89297
83.952	-26.947	-23.93251	-20.03665	-17.26597	-14.74301	-11.81859	-8.63664	-5.36261	-3.10278
84	-26.95544	-23.98751	-20.27671	-17.48171	-14.49951	-11.81502	-8.89075	-5.44115	-3.14495
84.048	-26.96999	-23.87728	-20.54783	-17.63212	-14.36004	-11.78222	-8.97017	-5.4848	-3.08902
84.096	-26.97022	-23.79869	-20.73882	-17.76682	-13.80276	-11.76095	-9.1076	-5.4291	-3.08332
84.144	-27.00409	-23.901	-20.79331	-17.86385	-13.42832	-11.79	-9.1879	-5.50723	-3.00279
84.192	-27.02628	-23.99682	-20.80731	-17.88423	-13.66741	-11.76544	-9.15194	-5.62357	-2.94844
84.24	-27.01007	-23.9826	-20.68095	-17.91166	-14.08647	-11.54692	-9.14448	-5.80572	-3.09643
84.288	-27.00914	-23.92338	-20.02303	-17.69217	-14.47736	-11.26589	-9.14587	-5.91707	-3.15357
84.336	-26.96558	-23.94191	-19.78857	-17.3459	-14.66498	-11.15182	-9.14573	-5.99695	-3.15213
84.384	-26.94529	-24.01642	-20.15763	-16.87448	-14.77174	-11.10696	-9.2264	-5.99973	-3.11214
84.432	-26.98583	-23.96999	-20.48082	-16.93407	-14.79565	-10.75981	-9.15366	-6.05288	-3.03115
84.48	-27.00733	-23.83353	-20.64402	-17.27005	-14.7943	-10.54556	-9.22441	-6.0615	-2.68974
84.528	-26.9704	-23.85105	-20.79753	-17.52944	-14.87567	-10.49686	-9.17391	-6.10121	-2.6625
84.576	-26.90317	-23.97069	-20.82695	-17.54325	-14.91714	-10.89326	-8.63298	-6.14768	-2.72839
84.624	-26.93625	-24.00183	-20.69652	-17.69231	-14.96093	-11.39781	-8.58882	-6.1126	-2.7953
84.672	-26.94056	-23.91768	-20.23469	-17.79939	-14.83142	-11.57672	-8.46886	-6.18294	-2.76712
84.72	-26.92722	-23.87269	-19.82892	-17.68925	-14.74625	-11.59789	-8.40997	-6.26496	-2.64725
84.768	-26.85971	-23.9313	-20.16088	-17.62026	-14.41458	-11.75196	-8.36516	-6.13939	-2.44152
84.816	-26.85734	-23.8681	-20.44909	-17.63416	-14.06154	-11.85876	-8.3102	-6.08962	-2.30636
84.864	-26.90836	-23.81569	-20.53453	-17.35123	-13.60074	-11.90899	-8.35756	-6.11247	-2.46172
84.912	-26.96711	-23.84438	-20.58198	-16.67218	-13.80281	-11.92743	-8.18074	-5.966	-2.69317
84.96	-26.98602	-23.89183	-20.54769	-16.18783	-14.09134	-11.89597	-8.35265	-5.94144	-2.84381
85.008	-27.0084	-23.98501	-20.33195	-16.51705	-14.53348	-11.8962	-8.42215	-5.80016	-2.84205
85.056	-26.98324	-23.95795	-19.97535	-17.01465	-14.77771	-11.90334	-8.67047	-5.68937	-2.71889
85.104	-26.97619	-23.96601	-19.54336	-17.32978	-14.84824	-11.87215	-8.84001	-5.61176	-2.68562
85.152	-26.94686	-23.99562	-20.05833	-17.56011	-14.93085	-11.7976	-8.94783	-5.44504	-2.59665
85.2	-26.91466	-23.97078	-20.49473	-17.71571	-14.81765	-11.59215	-9.03606	-5.33828	-2.68942
85.248	-26.94191	-23.9396	-20.7499	-17.75088	-14.77896	-11.48043	-9.14916	-5.63066	-2.82676
85.296	-26.95961	-23.92185	-20.84883	-17.79513	-14.80348	-11.26603	-9.27469	-5.84066	-3.04949
85.344	-26.95006	-23.94168	-20.78914	-17.64922	-14.77326	-11.08875	-9.27687	-5.77903	-3.18095
85.392	-26.93778	-23.95535	-20.82283	-17.6962	-14.9264	-11.05687	-9.27487	-5.46427	-3.1487
85.44	-26.95877	-23.93482	-20.45812	-17.46123	-14.94489	-10.88557	-9.30101	-5.39199	-3.13605
85.488	-26.93106	-23.98621	-20.01881	-16.83273	-14.62985	-10.87612	-9.24184	-5.45292	-3.1734
85.536	-26.88533	-23.94646	-20.09142	-16.45143	-14.13434	-11.13004	-9.18211	-5.74766	-3.22358
85.584	-26.88732	-23.88066	-20.42925	-16.78737	-13.6928	-11.4138	-9.16079	-5.88894	-3.10315
85.632	-26.91508	-23.97796	-20.68795	-17.20625	-13.34593	-11.76169	-9.15741	-6.03573	-3.06636
85.68	-26.92611	-24.01568	-20.89062	-17.54348	-13.49143	-11.8355	-9.04917	-6.21663	-3.11131
85.728	-26.91781	-23.99423	-20.93607	-17.65353	-14.04371	-11.90575	-8.97957	-6.27181	-3.16506
85.776	-26.92842	-23.97755	-20.71125	-17.67086	-14.52036	-11.9512	-8.8041	-6.22293	-3.11256
85.824	-26.98931	-23.87283	-20.31587	-17.59866	-14.69097	-11.94624	-8.68664	-6.2581	-3.18271
85.872	-27.00766	-23.71519	-19.93971	-17.58866	-14.66688	-11.86043	-8.34306	-6.2694	-3.19193
85.92	-27.02846	-23.67557	-20.05398	-17.75593	-14.52148	-11.907	-8.1067	-6.25801	-3.14142
85.968	-27.00571	-23.74438	-20.38482	-17.65394	-14.6129	-12.02437	-8.08566	-6.23623	-3.12349
86.016	-26.98115	-23.85249	-20.67604	-17.16723	-14.59886	-12.05194	-7.86645	-6.21769	-3.10148
86.064	-26.99065	-23.93158	-20.80226	-16.69456	-14.61345	-12.01362	-7.84374	-6.26866	-3.23081
86.112	-27.00293	-23.92834	-20.89414	-16.70962	-14.73944	-11.6901	-8.28342	-6.29174	-3.12646
86.16	-26.9977	-23.97055	-20.87714	-16.97369	-14.84536	-11.29314	-8.70299	-6.36148	-3.07438
86.208	-26.93945	-23.99863	-20.71167	-17.40484	-14.762	-11.15659	-8.95326	-6.34975	-2.81865
86.256	-26.97272	-23.97639	-20.49232	-17.69226	-14.38427	-10.96314	-9.09537	-6.22492	-2.53679
86.304	-26.9818	-23.96221	-20.34849	-17.77646	-14.12827	-10.98853	-9.08337	-6.13332	-2.62381
86.352	-26.99723	-24.01818	-20.6095	-17.87705	-13.916	-10.7435	-9.0949	-5.86772	-2.89079
86.4	-26.97494	-24.03857	-20.72557	-17.82622	-13.80498	-10.68549	-9.17418	-5.55968	-3.05232
86.448	-26.92527	-24.07175	-20.79026	-17.90226	-14.06762	-10.94099	-9.31875	-5.46779	-2.99139
86.496	-26.94886	-24.07907	-20.84493	-17.83377	-14.46393	-11.35101	-9.29007	-5.62455	-2.78543
86.544	-26.95201	-24.05391	-20.84544	-17.56456	-14.78346	-11.58065	-9.30059	-5.73283	-2.42836
86.592	-26.94969	-24.04594	-20.5267	-16.9172	-14.85931	-11.56439	-9.29628	-5.42994	-2.31952
86.64	-26.89951	-24.09774	-20.22463	-16.41511	-14.85977	-11.57528	-9.27603	-5.23811	-2.41502
86.688	-26.89798	-24.11623	-19.94926	-16.32656	-14.87372	-11.67013	-9.25272	-5.09785	-2.67454
86.736	-26.9318	-24.10099	-20.1523	-16.84066	-14.95634	-11.8064	-9.25657	-5.12389	-2.94427
86.784	-26.9458	-24.061	-20.46248	-17.27283	-15.00328	-11.90575	-9.15579	-5.46501	-3.08921
86.832	-26.93625	-24.07587	-20.64509	-17.54658	-14.96556	-11.97673	-9.00103	-5.66787	-3.17386
86.88	-26.9034	-24.07151	-20.70954	-17.56178	-14.92747	-12.04119	-8.57502	-5.81198	-3.15431
86.928	-26.85558	-24.05571	-20.77117	-17.61535	-14.91116	-12.11588	-8.45904	-5.92138	-3.20759
86.976	-26.87064	-24.02541	-20.83849	-17.69402	-14.54775	-12.10036	-8.40292	-6.04871	-3.27774
87.024	-26.88107	-23.95896	-20.78562	-17.7354	-13.88218	-11.89597	-8.59244	-6.22437	-3.35392
87.072	-26.95623	-23.96077	-20.34868	-17.73985	-13.5101	-11.59451	-8.36145	-6.33886	-3.26426
87.12	-26.95553	-24.00776	-19.96756	-17.56433	-13.37526	-11.33572	-8.21308	-6.37547	-3.23146
87.168	-26.89779	-24.04093	-19.97942	-17.03142	-13.61788	-11.00349	-8.27536	-6.26107	-3.16997
87.216	-26.90993	-24.04626	-20.28793	-16.63344	-14.09588	-10.84016	-8.33847	-6.21524	-3.11724
87.264	-26.94209	-24.00729	-20.51989	-16.62751	-14.46138	-10.84118	-8.74261	-6.23456	-3.18341
87.312	-26.95224	-24.05192	-20.67372	-16.97086	-14.68921	-10.69383	-9.02749	-6.32519	-3.29457
87.36	-26.98917	-24.1141	-20.79901	-17.35072	-14.71085	-10.74438	-9.01998	-6.3169	-3.24248
87.408	-26.96924	-24.12156	-20.91119	-17.54816	-14.75163	-11.12925	-9.1177	-6.18734	-3.28623
87.456	-26.98176	-24.12225	-20.90999	-17.73735	-14.74097	-11.54062	-9.28386	-6.13308	-3.32098
87.504	-27.00126	-24.11053	-20.79211	-17.79462	-14.82604	-11.77008	-9.34178	-6.03828	-3.19763
87.552	-26.9433	-24.01902	-20.53708	-17.79513	-14.936	-11.83425	-9.35948	-5.85433	-3.05621
87.6	-26.91758	-24.04422	-20.02455	-17.8239	-14.87576	-11.77425	-9.38321	-5.79349	-2.94862
87.648	-26.95641	-24.04455	-19.92799	-17.68179	-14.80945	-11.84217	-9.35893	-5.27619	-2.8711
87.696	-26.98806	-24.05363	-19.9178	-17.23076	-14.57912	-12.00259	-9.35207	-5.11495	-2.76393
87.744	-26.96605	-24.0217	-20.11973	-16.81452	-14.28651	-11.95565	-9.27501	-5.08501	-2.91077
87.792	-26.96517	-23.98135	-20.46294	-16.64655	-13.84664	-11.92405	-9.15273	-5.29116	-2.96229
87.84	-27.01808	-23.96559	-20.6993	-16.57015	-13.63674	-11.96339	-9.06715	-5.22203	-2.98412
87.888	-27.01215	-23.99993	-20.86921	-16.89519	-13.77171	-11.98832	-9.08091	-5.25794	-2.98333
87.936	-27.03171	-24.0729	-20.97426	-17.15342	-13.83654	-11.57653	-8.7522	-4.9923	-2.813
87.984	-27.02443	-24.06693	-21.01272	-17.46628	-14.02503	-11.35782	-8.62677	-4.97445	-2.56088
88.032	-26.978	-24.05618	-21.06429	-17.68369	-14.38548	-11.12258	-8.57237	-5.07	-2.49462
88.08	-26.97569	-23.9908	-21.08157	-17.74059	-14.6287	-10.80082	-8.24594	-5.14122	-2.54235
88.128	-26.95877	-23.66107	-21.05729	-17.85921	-14.78174	-10.8409	-8.06486	-5.49397	-2.57747
88.176	-26.91726	-23.58712	-21.0034	-17.85388	-14.7868	-10.6304	-8.16392	-5.76212	-2.61329
88.224	-26.96081	-23.80175	-21.04844	-17.66641	-14.70548	-10.60686	-8.26563	-6.06808	-2.7529
88.272	-26.96012	-23.86782	-21.09362	-17.25402	-14.72929	-10.82065	-8.38842	-6.1575	-3.03499
88.32	-26.95706	-23.66714	-21.08648	-16.73408	-14.8734	-11.07045	-8.38235	-6.09954	-3.19309
88.368	-26.96943	-23.64907	-21.05469	-16.57455	-14.80116	-11.48205	-8.63307	-6.00311	-3.20199
88.416	-26.961	-23.74846	-21.06568	-16.38184	-14.54135	-11.73898	-8.94158	-6.09375	-3.2904
88.464	-26.8655	-23.78395	-21.04988	-16.65999	-14.22632	-11.86618	-9.17831	-6.18225	-3.32737
88.512	-26.92106	-23.88525	-21.02198	-17.05088	-13.80674	-11.89625	-9.25703	-6.23841	-3.28196
88.56	-26.98389	-23.99122	-21.01827	-17.24382	-13.52539	-11.89583	-9.21969	-6.23845	-3.26528
88.608	-26.95108	-24.0332	-20.96374	-17.58555	-13.47808	-11.8672	-9.30842	-6.27246	-3.18405
88.656	-26.95252	-24.04923	-21.0217	-17.77419	-13.70842	-11.88684	-9.26853	-6.26565	-3.20009
88.704	-26.93412	-24.08977	-21.03547	-17.77511	-13.92509	-11.9487	-9.30791	-6.23956	-3.1032
88.752	-26.94269	-24.09408	-21.0249	-17.73415	-14.23864	-12.06398	-9.27126	-6.24647	-3.15166
88.8	-26.95683	-24.04237	-21.04673	-17.64764	-14.55901	-11.92048	-9.29382	-6.26194	-3.23521
88.848	-27.03838	-24.0021	-21.06494	-17.51192	-14.75394	-11.79051	-9.13619	-6.14522	-3.25235
88.896	-27.01966	-24.0312	-21.03111	-17.17562	-14.85959	-11.44211	-9.14388	-5.8256	-3.15644
88.944	-27.01507	-24.02977	-21.03028	-16.78542	-14.84703	-11.17193	-8.92151	-5.71212	-3.07099
88.992	-27.02712	-24.00243	-21.04126	-16.68446	-14.8892	-11.01058	-8.78413	-5.63344	-3.0058
89.04	-26.95312	-24.05289	-20.9845	-16.56676	-14.85672	-10.91573	-8.66815	-5.49397	-2.7845
89.088	-26.95933	-24.04923	-20.97954	-16.73251	-14.90884	-10.73109	-8.68298	-5.36743	-2.61774
89.136	-26.97341	-24.04154	-20.9724	-17.05843	-14.74296	-10.73011	-8.45626	-5.17254	-2.68321
89.184	-27.00094	-24.05687	-20.84058	-17.39062	-14.36847	-10.71844	-8.36479	-5.00805	-2.69933
89.232	-26.99848	-24.01461	-20.58856	-17.71993	-13.78487	-10.83001	-8.25363	-4.89615	-2.73131
89.28	-26.99093	-24.06957	-20.40131	-17.84795	-13.45529	-11.05748	-8.06305	-5.04257	-2.90293
89.328	-26.94473	-24.08528	-20.27083	-17.91987	-13.64424	-11.47839	-8.11828	-5.14451	-2.93954
89.376	-26.88065	-24.01818	-20.08113	-17.97023	-13.57358	-11.58876	-8.18116	-5.29709	-2.89617
89.424	-26.9154	-23.98658	-20.04137	-17.96263	-13.64462	-11.72226	-8.12245	-5.6245	-2.59753
89.472	-26.97647	-24.04534	-20.08572	-17.82251	-13.77347	-11.85149	-8.23231	-5.86642	-2.43531
89.52	-27.00219	-24.07935	-20.23714	-17.52411	-14.11812	-11.94305	-8.55908	-6.01493	-2.33666
89.568	-27.0292	-24.11178	-20.40998	-17.13493	-14.40948	-12.01158	-8.90062	-6.17307	-2.22207
89.616	-26.98537	-24.05219	-20.68934	-16.92383	-14.62717	-11.91747	-9.18174	-6.2656	-2.49634
89.664	-26.99584	-24.03806	-20.85392	-16.88963	-14.72693	-11.93146	-9.25532	-6.20542	-2.62793
89.712	-26.96739	-24.04927	-20.94446	-16.99889	-14.82456	-11.99587	-9.25379	-6.18577	-2.88825
89.76	-26.95298	-24.08023	-20.9864	-17.04921	-14.80051	-11.82906	-9.21756	-6.16038	-3.01928
89.808	-26.9989	-24.04107	-21.0236	-17.13971	-14.8961	-11.67615	-9.2518	-6.16015	-3.05816
89.856	-26.9755	-24.06813	-21.01994	-17.40938	-14.88994	-11.44225	-9.28988	-6.19814	-3.18354
89.904	-26.97758	-24.1021	-20.9901	-17.71006	-14.71368	-11.07921	-9.26658	-6.22793	-3.13702
89.952	-26.99473	-24.03746	-20.96666	-17.76594	-14.43497	-10.89289	-9.23215	-6.22627	-3.11432
90	-26.99621	-24.04418	-20.99372	-17.97992	-14.27589	-10.66742	-9.17942	-6.29823	-3.1317
90.048	-27.0059	-24.07513	-21.04529	-18.03367	-13.9243	-10.66862	-8.98374	-6.28025	-3.09463
90.096	-26.98347	-24.05873	-21.0932	-18.0256	-13.67765	-10.47522	-8.92499	-6.11474	-3.17789
90.144	-26.95039	-24.05511	-21.06943	-17.99535	-13.49588	-10.55913	-8.78677	-5.91216	-3.28145
90.192	-26.95127	-24.01628	-20.99571	-18.0003	-13.52169	-10.7739	-8.57228	-5.59012	-3.29841
90.24	-26.94232	-24.02903	-21.04052	-17.95823	-13.758	-11.23383	-8.36905	-5.5233	-3.26978
90.288	-26.95664	-24.05029	-21.03806	-18.05197	-14.01257	-11.46319	-8.36335	-5.52961	-3.35851
90.336	-26.9926	-24.03069	-21.01809	-18.07504	-14.17414	-11.53432	-8.17977	-5.60703	-3.38543
90.384	-26.97536	-24.0565	-21.01313	-18.04905	-14.40341	-11.72105	-8.05786	-5.46131	-3.29239
90.432	-26.97661	-24.05131	-21.01211	-18.01573	-14.59978	-11.81887	-7.91584	-5.26512	-2.95191
90.48	-26.99505	-24.07916	-20.97838	-18.02041	-14.73397	-11.8975	-8.04674	-5.07	-2.76671
90.528	-26.96405	-24.07555	-20.97078	-18.02736	-14.76567	-11.8811	-8.08714	-5.16559	-2.81304
90.576	-26.9584	-24.0787	-20.95104	-18.0408	-14.73986	-11.96589	-8.22194	-5.22054	-2.57895
90.624	-26.97337	-24.08871	-21.02073	-18.05623	-14.70788	-11.98887	-8.3406	-5.21957	-2.51816
90.672	-26.9913	-24.06415	-21.00257	-17.99678	-14.66873	-11.87577	-8.5386	-5.38355	-2.58155
90.72	-26.97444	-24.09728	-21.00817	-17.91996	-14.51439	-11.68792	-8.74122	-5.62784	-2.74085
90.768	-26.97675	-24.10094	-20.94442	-17.779	-14.25759	-11.57778	-9.01391	-5.65754	-2.8622
90.816	-26.966	-24.06804	-20.96323	-17.58226	-14.19634	-11.42608	-9.24322	-5.92244	-2.86596
90.864	-26.9686	-24.04937	-21.00196	-17.33645	-13.93	-11.40541	-9.277	-6.09013	-2.75939
90.912	-26.99061	-23.99298	-21.07518	-17.21561	-13.84455	-11.25913	-9.365	-6.21978	-2.47377
90.96	-27.00478	-24.01197	-21.07995	-17.24498	-13.85331	-10.98125	-9.4813	-6.34424	-2.30905
91.008	-26.94376	-24.03232	-21.04863	-17.11686	-13.92935	-10.82464	-9.42384	-6.28062	-2.24978
91.056	-26.98189	-24.03357	-20.97291	-17.05691	-13.98166	-10.91499	-9.37236	-6.29962	-2.24353
91.104	-26.94274	-24.07749	-20.92482	-17.09606	-14.23007	-10.86092	-9.38047	-6.25555	-2.3634
91.152	-26.88051	-24.07796	-20.96077	-17.25277	-14.39095	-10.77668	-9.33112	-6.31542	-2.60064
91.2	-26.7997	-24.04436	-21.00836	-17.37407	-14.65905	-10.91963	-9.15065	-6.32227	-2.90919
91.248	-26.82722	-24.06744	-20.99098	-17.4617	-14.83424	-11.0894	-8.79284	-6.31931	-3.11687
91.296	-26.942	-24.08926	-21.01239	-17.62104	-14.92993	-11.58339	-8.65119	-6.33636	-3.20991
91.344	-26.98454	-24.07175	-21.02768	-17.78781	-14.96788	-11.8829	-8.68826	-6.24489	-3.16677
91.392	-27.01924	-24.06489	-21.02592	-17.96694	-15.01454	-11.97979	-8.6037	-6.07234	-3.09083
91.44	-27.0078	-24.06229	-21.05571	-17.94289	-15.03339	-12.01301	-8.3602	-5.80683	-3.16881
91.488	-27.021	-24.06813	-21.03046	-17.96541	-14.98595	-12.01918	-8.15989	-5.64711	-3.1493
91.536	-27.04315	-24.07703	-21.03273	-17.97158	-14.90064	-11.99328	-8.02074	-5.62737	-3.17951
91.584	-27.00794	-24.0717	-21.01012	-18.0054	-14.75357	-12.04184	-7.91283	-5.44356	-3.13892
91.632	-26.97346	-24.07619	-21.02096	-18.05498	-14.628	-11.96177	-7.90602	-5.29964	-3.1007
91.68	-26.98704	-24.07277	-20.98908	-18.16466	-14.36972	-11.74121	-7.80422	-5.30956	-3.19652
91.728	-26.98315	-24.05544	-21.04181	-18.17147	-14.23303	-11.60961	-7.75445	-5.31641	-3.21556
91.776	-26.97624	-24.08509	-21.04353	-18.12643	-14.00794	-11.46264	-8.12653	-5.32994	-3.20389
91.824	-26.96517	-24.08542	-21.03417	-18.03876	-13.73997	-11.36389	-8.65485	-5.16615	-3.15825
91.872	-26.97346	-24.08125	-21.03338	-18.01597	-13.99936	-11.05502	-8.90066	-4.93702	-3.02067
91.92	-26.9546	-24.12244	-21.01726	-18.07305	-14.10543	-10.77334	-9.05927	-5.01417	-2.93342
91.968	-26.93593	-24.10798	-21.03468	-18.06012	-14.24939	-10.6727	-9.22932	-5.21517	-2.79947
92.016	-26.97745	-24.07564	-21.06781	-18.0807	-14.37853	-10.68614	-9.32728	-5.28185	-2.58938
92.064	-27.01465	-24.01888	-21.10066	-18.11536	-14.53464	-10.70356	-9.31259	-5.40932	-2.55467
92.112	-27.04037	-23.95549	-21.11118	-18.15423	-14.75019	-10.59393	-9.27441	-5.78941	-2.56176
92.16	-27.01609	-23.99432	-21.10307	-18.10748	-14.87479	-10.42527	-9.25685	-6.00775	-2.68733
92.208	-26.9628	-24.06521	-21.05043	-18.0744	-14.98141	-10.89586	-9.2771	-6.01938	-2.89005
92.256	-26.96605	-24.11007	-21.05646	-18.07393	-15.05397	-11.29611	-9.23234	-6.11627	-2.76495
92.304	-26.9648	-24.08704	-21.06966	-18.05248	-15.07969	-11.60924	-9.00446	-6.17859	-2.57645
92.352	-26.95015	-24.06406	-21.07657	-18.01495	-15.08501	-11.83875	-8.77065	-6.16181	-2.19381
92.4	-26.93695	-24.1033	-21.09325	-18.11276	-15.1016	-11.94801	-8.70156	-6.05265	-2.12648
92.448	-26.96711	-24.1122	-21.05122	-18.1098	-15.05628	-11.99457	-8.68923	-6.05733	-2.11184
92.496	-26.97851	-24.08551	-21.07532	-18.1199	-15.00272	-12.05768	-8.57409	-6.12275	-2.08321
92.544	-27.0021	-24.04951	-21.0256	-18.04947	-14.99382	-12.08859	-8.32137	-6.19119	-2.01162
92.592	-26.97457	-24.07865	-21.00641	-18.06267	-15.05244	-12.04429	-8.24376	-6.25384	-2.21888
92.64	-26.92319	-24.08259	-20.96777	-18.08737	-15.03831	-11.82396	-7.96227	-6.23136	-2.51709
92.688	-26.94144	-24.01531	-21.03394	-18.08232	-14.9543	-11.65655	-7.85973	-6.09171	-2.89242
92.736	-26.95553	-24.00058	-21.03843	-18.06814	-14.87692	-11.44447	-7.86371	-5.87606	-3.13568
92.784	-26.98403	-23.97546	-20.97699	-18.09909	-14.68777	-11.29054	-8.11856	-5.81642	-3.24638
92.832	-27.00747	-23.95934	-21.0388	-18.11462	-14.50989	-11.18147	-8.21633	-5.57918	-3.24378
92.88	-26.97101	-24.02814	-21.06494	-18.14557	-14.37255	-10.9863	-8.23088	-5.42285	-3.22418
92.928	-26.91489	-24.04992	-21.02648	-18.17457	-14.4402	-10.77469	-8.16198	-5.42039	-3.23322
92.976	-26.90859	-24.04024	-21.03371	-18.09363	-14.18095	-10.63225	-8.49263	-5.0788	-3.21941
93.024	-26.94311	-24.07189	-21.04816	-18.15219	-13.9812	-10.64902	-8.77185	-4.86232	-3.20064
93.072	-26.96702	-24.0585	-21.08824	-18.11568	-13.98162	-10.72849	-9.02739	-5.00907	-3.17164
93.12	-26.94427	-24.07026	-21.07068	-18.07592	-14.19087	-10.94548	-9.03606	-4.99711	-3.13494
93.168	-26.91994	-24.09209	-21.04631	-18.12305	-14.30207	-10.95957	-9.12247	-5.17032	-3.1544
93.216	-26.94663	-24.06957	-21.00433	-18.09594	-14.46318	-11.09315	-9.25453	-5.02561	-3.1866
93.264	-26.99037	-24.02953	-21.01605	-18.12106	-14.32112	-11.312	-9.29443	-5.09952	-3.15347
93.312	-27.01813	-24.05812	-21.03755	-18.15243	-14.41133	-11.61573	-9.33154	-5.2654	-3.00798
93.36	-26.95043	-24.0281	-21.03533	-18.19626	-14.55845	-11.86298	-9.34938	-5.22796	-2.78079
93.408	-26.94075	-24.01281	-21.01777	-18.2235	-14.80125	-11.94527	-9.21843	-5.31646	-2.67844
93.456	-26.90456	-24.01721	-21.04793	-18.20868	-14.96255	-11.89648	-9.11807	-5.66199	-2.55504
93.504	-26.91299	-24.03213	-21.06508	-18.10595	-15.11305	-11.90593	-9.01933	-6.00895	-2.48063
93.552	-26.91489	-24.00109	-21.11025	-18.05674	-15.12634	-11.90973	-8.81374	-6.13452	-2.45195
93.6	-26.89191	-24.04186	-21.08769	-18.07055	-15.10471	-11.96367	-8.65267	-6.16635	-2.41219
93.648	-26.89029	-24.03945	-21.07643	-18.09529	-15.10739	-11.96019	-8.43448	-6.16645	-2.57492
93.696	-26.88871	-24.01851	-21.05456	-18.10085	-15.12194	-11.88554	-8.23032	-6.16788	-2.54508
93.744	-26.95636	-24.04126	-21.05382	-18.00679	-15.12092	-11.71623	-8.07672	-6.18123	-2.40728
93.792	-26.99413	-24.00729	-21.01054	-18.00392	-15.09409	-11.53886	-7.9277	-6.24508	-2.58025
93.84	-26.96211	-24.01327	-21.00614	-18.02176	-15.17662	-11.52102	-7.82586	-6.27399	-2.52627
93.888	-26.97165	-24.06957	-21.00641	-18.06897	-15.16564	-11.33419	-7.79106	-6.22668	-2.32309
93.936	-26.93463	-24.05599	-21.08185	-18.07815	-15.22601	-11.17619	-7.97964	-6.18846	-2.35506
93.984	-26.9198	-24.03315	-21.10474	-18.0699	-15.23088	-10.9933	-8.17426	-6.0026	-2.27476
94.032	-26.93334	-24.06049	-21.1103	-18.1395	-15.11861	-10.8447	-8.15762	-5.88537	-2.19617
94.08	-26.96318	-24.01007	-21.09983	-18.13954	-15.07519	-10.79943	-8.21202	-5.74535	-2.32781
94.128	-26.91068	-24.02073	-21.02272	-18.11652	-15.06286	-10.88158	-8.36674	-5.65671	-2.42266
94.176	-26.90725	-23.97857	-21.06558	-18.04493	-15.04882	-10.97977	-8.53359	-5.49008	-2.56403
94.224	-26.93343	-24.0306	-21.09672	-18.02505	-15.05003	-11.08449	-8.68455	-5.52381	-2.77088
94.272	-26.93042	-24.05877	-21.0116	-18.04006	-15.09099	-11.18634	-8.80716	-5.25965	-2.9615
94.32	-26.90831	-24.01341	-20.96953	-18.02458	-15.06222	-11.38099	-9.01238	-4.84712	-3.12521
94.368	-26.88769	-23.98941	-21.00071	-18.04766	-15.151	-11.56949	-9.13202	-4.79249	-3.1664
94.416	-26.90257	-23.94873	-21.0021	-18.0686	-15.20609	-11.78194	-9.1342	-4.85305	-3.14467
94.464	-26.91614	-23.92134	-21.05567	-18.06226	-15.21568	-11.94448	-9.05093	-4.78198	-3.15306
94.512	-26.92189	-23.98621	-21.00933	-18.11304	-15.20609	-12.07376	-9.11765	-4.97427	-3.16946
94.56	-26.98023	-24.01378	-20.98528	-18.11619	-15.16059	-12.08446	-9.13855	-4.98697	-3.22098
94.608	-27.01002	-23.99997	-21.01346	-18.1749	-15.16782	-12.12153	-8.97911	-5.00073	-3.23234
94.656	-27.03171	-23.96777	-21.02875	-18.13649	-15.17314	-12.10925	-8.68034	-5.10559	-3.10871
94.704	-27.03384	-24.01517	-21.04872	-18.0706	-15.16091	-12.02622	-8.66857	-5.36345	-3.09439
94.752	-26.97893	-24.04937	-21.06322	-18.11772	-15.14947	-11.9968	-8.66277	-5.4879	-3.14791
94.8	-26.95432	-23.99983	-21.02912	-18.11086	-15.11893	-11.93726	-8.58067	-5.53039	-3.03355
94.848	-26.9736	-24.03398	-21.06077	-18.05127	-15.09229	-11.91548	-8.39671	-5.66908	-2.92652
94.896	-26.99116	-23.98857	-21.09547	-18.00517	-15.14168	-11.84824	-8.21985	-5.84455	-2.81035
94.944	-26.9654	-24.00567	-21.09186	-17.95754	-15.14673	-11.61911	-8.05874	-5.91053	-2.66745
94.992	-26.98625	-24.04436	-21.06929	-18.00679	-15.14872	-11.64928	-7.94156	-5.97415	-2.59911
95.04	-27.02601	-24.04714	-21.05627	-18.05053	-15.1604	-11.59882	-7.91033	-6.0064	-2.47002
95.088	-27.00353	-24.06433	-21.02472	-18.05744	-15.12194	-11.46291	-7.91857	-5.94102	-2.44449
95.136	-26.97986	-24.06744	-20.99701	-18.03867	-15.0732	-11.33591	-7.9574	-6.03499	-2.36085
95.184	-27.00038	-24.03505	-21.0009	-18.10257	-15.09465	-11.22391	-7.94378	-6.1525	-2.19988
95.232	-27.00159	-24.00335	-21.00025	-18.08895	-15.04989	-11.07045	-7.94563	-5.91725	-2.01477
95.28	-27.01414	-24.00335	-21.03908	-18.13713	-15.09938	-10.92792	-8.01231	-5.76879	-2.13603
95.328	-26.95724	-23.99793	-21.01642	-18.12231	-15.15623	-11.10205	-8.19515	-5.5898	-2.36748
95.376	-26.9729	-24.03028	-21.02717	-18.11545	-15.18139	-10.9509	-8.41335	-5.55217	-2.21828
95.424	-26.97341	-24.06359	-21.01638	-18.06471	-15.2173	-10.98811	-8.66704	-5.60564	-2.1907
95.472	-26.93681	-24.06563	-21.02328	-18.07755	-15.22073	-11.09973	-8.77366	-5.47479	-2.27147
95.52	-26.92444	-24.09663	-20.9832	-18.04428	-15.16175	-11.17966	-8.85442	-5.43318	-2.35297
95.568	-26.96739	-24.07842	-21.05405	-18.10563	-15.14474	-11.17832	-8.90571	-5.21693	-2.31929
95.616	-26.95798	-24.0723	-21.03227	-18.14668	-15.1098	-11.32757	-8.849	-4.97793	-2.42952
95.664	-26.9432	-24.04765	-21.02782	-17.99414	-15.09016	-11.41111	-8.90812	-4.87664	-2.36775
95.712	-26.96809	-24.11076	-21.01582	-18.07894	-15.1231	-11.61763	-8.96567	-4.8872	-2.34593
95.76	-26.97925	-24.10428	-21.04515	-18.06087	-15.13079	-11.82489	-8.93273	-4.89286	-2.49212
95.808	-26.97151	-24.08912	-21.03561	-18.04761	-15.11332	-12.00917	-8.86503	-4.9701	-2.82347
95.856	-26.9477	-24.05729	-21.00349	-18.02834	-15.17185	-12.0271	-8.8048	-4.91802	-2.81976
95.904	-26.93092	-24.07976	-21.01633	-17.9542	-15.17018	-12.03132	-8.74303	-5.00198	-2.92643
95.952	-26.93528	-24.08347	-21.00183	-18.01203	-15.20326	-12.04184	-8.70791	-4.93391	-2.91118
96	-26.87982	-24.06535	-21.05006	-18.04683	-15.20766	-12.09137	-8.72644	-4.92071	-2.96614
96.048	-26.85391	-24.0881	-21.06419	-18.05535	-15.24816	-12.15295	-8.64452	-5.00332	-3.01011
96.096	-26.90956	-24.07203	-21.02555	-18.02875	-15.24084	-12.13669	-8.59962	-5.14405	-3.01405
96.144	-26.87796	-24.06341	-21.04005	-18.08533	-15.2363	-12.22129	-8.27967	-5.25029	-2.97253
96.192	-26.8718	-24.07193	-21.02421	-18.02727	-15.25215	-12.17732	-7.9233	-5.59239	-3.07271
96.24	-26.90993	-24.05456	-21.04594	-18.01425	-15.29241	-12.1485	-8.02343	-5.8502	-3.08661
96.288	-26.94812	-24.02666	-21.07397	-18.02973	-15.26081	-12.19813	-8.23699	-6.08253	-3.01131
96.336	-26.96387	-24.06952	-21.07119	-18.02282	-15.23602	-12.19192	-8.26781	-6.13322	-3.01326
96.384	-26.9863	-24.08945	-21.00711	-18.01875	-15.19311	-12.12153	-8.41224	-6.014	-2.7491
96.432	-26.99348	-24.07462	-20.99543	-17.9883	-15.22629	-12.18626	-8.42711	-6.00983	-2.63729
96.48	-26.87708	-24.06906	-21.05057	-18.02139	-15.2078	-12.19854	-8.52094	-6.07554	-2.6207
96.528	-26.89965	-24.03046	-21.03264	-18.00197	-15.12537	-12.13335	-8.41937	-6.03749	-2.72422
96.576	-26.94872	-24.02184	-21.05182	-18.00156	-15.1927	-12.18075	-8.55852	-6.09449	-2.58044
96.624	-27.00631	-23.96008	-21.08208	-17.9517	-15.15239	-12.14062	-8.54355	-5.99913	-2.3609
96.672	-27.00705	-23.97074	-21.07165	-18.00934	-15.1174	-12.14994	-8.6397	-5.94186	-2.16378
96.72	-26.97763	-24.00141	-21.07119	-18.00401	-15.0574	-12.16731	-8.91188	-5.91165	-2.08316
96.768	-26.91128	-23.97194	-21.0863	-18.02769	-15.07195	-12.15596	-9.06094	-5.76365	-2.03933
96.816	-26.89464	-24.04066	-21.0566	-18.04998	-15.1199	-12.08085	-9.00399	-5.66324	-2.02867
96.864	-26.949	-24.04459	-21.07592	-18.00216	-15.16096	-12.10837	-9.00422	-5.4684	-1.89379
96.912	-26.95553	-24.07165	-21.05618	-17.97922	-15.08941	-12.12932	-8.93403	-5.28412	-2.03585
96.96	-26.90715	-24.05057	-21.06897	-18.02996	-15.01769	-12.1536	-9.01053	-5.23977	-2.0827
97.008	-26.90238	-24.05632	-21.04283	-18.0794	-14.97937	-12.21448	-9.04838	-5.15794	-2.12787
97.056	-26.84715	-24.0274	-20.94863	-18.07287	-15.0289	-12.16328	-9.06247	-5.04901	-2.11462
97.104	-26.86151	-24.05266	-20.75008	-18.06823	-15.03775	-12.16833	-9.1259	-4.76539	-1.92279
97.152	-26.85683	-24.05914	-20.7113	-18.06008	-15.03409	-12.22403	-9.00367	-4.73189	-1.96477
97.2	-26.868	-24.06721	-20.86856	-18.04219	-15.00708	-12.3009	-9.02651	-4.83716	-2.05026
97.248	-26.90558	-24.09033	-20.92871	-18.09173	-15.04799	-12.35956	-8.97855	-5.02088	-2.20053
97.296	-26.95863	-24.0749	-20.95822	-18.13486	-15.02033	-12.23839	-8.92369	-4.91959	-2.3039
97.344	-26.96076	-24.0964	-21.01601	-18.15826	-15.003	-12.2414	-9.00269	-5.0358	-2.61741
97.392	-26.89793	-24.08217	-20.99886	-18.16137	-15.05049	-12.20549	-8.88134	-4.97422	-2.88435
97.44	-26.93	-24.0426	-21.02342	-18.16897	-15.07037	-12.21119	-8.73228	-5.11068	-2.94111
97.488	-26.90692	-24.06614	-21.00901	-18.09515	-14.95643	-12.25697	-8.60448	-5.09271	-2.97842
97.536	-26.95655	-24.05743	-21.0174	-18.08403	-14.96421	-12.26504	-8.58104	-5.07204	-3.05895
97.584	-26.94001	-24.06744	-21.06049	-18.0826	-15.01143	-12.09253	-8.49879	-5.24195	-3.09319
97.632	-26.91999	-24.08101	-21.10353	-18.06138	-15.03682	-12.07853	-8.42651	-5.60495	-3.17298
97.68	-26.84979	-24.07272	-21.11127	-18.04794	-15.03353	-12.14354	-8.36775	-5.77051	-3.22914
97.728	-26.90465	-24.05141	-21.04506	-18.0124	-14.95564	-12.23793	-8.35038	-5.93606	-3.13744
97.776	-26.89483	-24.06253	-21.08481	-17.94007	-15.03432	-12.22593	-8.33092	-6.09013	-2.97207
97.824	-26.90947	-23.98306	-21.05798	-17.85365	-15.11504	-12.16027	-8.31248	-6.12006	-2.825
97.872	-26.92476	-23.81491	-21.08903	-17.73443	-15.16063	-12.15809	-8.28597	-5.94705	-2.74331
97.92	-26.96772	-23.76389	-21.05924	-17.76348	-15.18464	-12.14276	-8.5398	-6.0987	-2.54457
97.968	-26.94988	-23.87551	-21.07309	-17.95133	-15.18468	-12.21305	-8.47525	-6.15996	-2.57956
98.016	-26.94802	-23.99363	-21.07884	-18.07935	-15.16684	-12.22088	-8.39481	-6.06896	-2.59855
98.064	-26.97165	-24.03783	-21.08087	-18.12532	-15.14085	-12.21379	-8.44467	-5.94431	-2.59105
98.112	-26.9268	-24.08532	-21.06378	-18.16341	-15.0877	-12.20434	-8.67779	-5.84636	-2.42614
98.16	-26.94445	-24.04733	-21.0825	-18.19885	-15.02839	-12.24298	-8.94014	-5.801	-2.47067
98.208	-26.92068	-24.07212	-21.08208	-18.21822	-15.0428	-12.21041	-9.10167	-5.78139	-2.22995
98.256	-26.94622	-24.01309	-21.07583	-18.12875	-15.05082	-12.20118	-9.26417	-5.62636	-1.78578
98.304	-26.91221	-24.04079	-21.05469	-18.06907	-15.05156	-12.04832	-9.28331	-5.51733	-1.75742
98.352	-26.93885	-24.01063	-21.00525	-18.10183	-14.967	-12.06051	-9.27663	-5.53637	-1.63301
98.4	-26.98004	-23.99678	-20.99932	-18.14714	-14.99503	-12.07969	-9.26097	-5.58363	-1.73685
98.448	-26.95511	-24.0458	-20.91143	-18.13788	-15.02663	-12.04874	-9.34961	-5.60597	-1.90857
98.496	-26.95928	-24.07142	-20.87422	-18.09812	-15.06208	-12.10184	-9.32417	-5.33643	-2.06893
98.544	-26.94571	-24.07272	-20.92268	-18.11716	-14.93577	-12.19382	-9.24601	-5.21234	-2.10239
98.592	-26.85151	-24.03662	-20.8624	-18.11633	-15.00967	-12.16694	-9.32038	-5.28597	-2.19909
98.64	-26.86777	-23.97847	-20.70949	-18.16846	-15.09873	-12.18024	-9.39405	-5.1275	-2.19877
98.688	-26.82815	-23.95141	-20.69476	-18.2065	-15.14154	-12.17751	-9.41699	-5.24621	-2.17819
98.736	-26.80577	-23.93496	-20.76542	-18.21294	-15.01639	-12.1662	-9.43204	-5.52015	-2.28018
98.784	-26.77542	-23.81759	-20.9212	-18.18435	-15.00833	-12.15879	-9.46008	-5.49036	-2.36409
98.832	-26.78056	-23.90156	-20.98343	-18.18046	-15.07408	-12.15082	-9.49052	-5.48248	-2.52502
98.88	-26.86568	-24.00095	-20.96693	-18.16086	-15.09284	-12.12413	-9.5186	-5.48378	-2.68539
98.928	-26.86137	-23.9806	-20.92681	-18.13334	-15.09136	-12.14326	-9.53709	-5.48726	-2.85141
98.976	-26.88945	-23.95503	-20.87491	-18.13991	-15.08719	-12.19864	-9.53514	-5.52293	-2.87346
99.024	-26.85808	-23.94789	-20.83492	-18.14937	-15.12245	-12.18066	-9.49946	-5.67927	-2.91985
99.072	-26.91105	-24.01327	-20.84086	-18.10354	-15.08701	-12.19641	-9.43538	-5.94746	-2.95516
99.12	-26.93857	-24.02648	-20.89878	-18.08936	-15.16128	-12.25415	-9.39081	-6.16798	-3.03309
99.168	-26.97499	-24.03245	-20.97555	-18.06494	-15.22587	-12.20693	-9.43181	-6.26649	-3.02966
99.216	-27.00339	-24.03811	-21.01531	-18.0807	-15.25141	-12.20021	-9.40174	-6.23363	-2.91832
99.264	-27.02012	-24.00567	-21.08199	-18.05378	-15.23903	-12.18279	-9.33567	-6.30096	-2.9002
99.312	-27.00678	-24.00882	-21.07638	-18.03728	-15.26109	-12.17412	-9.41824	-6.37065	-3.02772
99.36	-26.99357	-24.04492	-21.04914	-17.92501	-15.19983	-12.08386	-9.47199	-6.38742	-3.00288
99.408	-27.00233	-24.03931	-21.09913	-17.83363	-15.19186	-12.08493	-9.48074	-6.3473	-2.85539
99.456	-27.01414	-23.98996	-21.11697	-17.75922	-15.18121	-12.04939	-9.42574	-6.34785	-2.68497
99.504	-27.00909	-24.00104	-21.10414	-17.82302	-15.02	-12.02543	-9.3827	-6.26477	-2.62649
99.552	-26.97202	-24.02166	-21.08704	-17.98552	-14.97367	-12.03637	-9.39317	-6.06131	-2.63405
99.6	-26.95697	-24.03102	-21.05113	-18.05058	-15.05198	-11.9854	-9.30814	-6.06465	-2.62469
99.648	-26.96067	-24.0926	-21.06433	-18.0395	-15.11731	-11.969	-9.42208	-6.14471	-2.72158
99.696	-26.92977	-24.08551	-21.07893	-17.87135	-15.12616	-11.9999	-9.42445	-6.08735	-2.78603
99.744	-26.9198	-24.06878	-21.06007	-17.75843	-15.14043	-12.02163	-9.406	-6.09273	-2.70216
99.792	-26.86212	-24.02513	-21.0439	-17.77368	-15.1687	-12.067	-9.36532	-6.08049	-2.34959
99.84	-26.93593	-24.07026	-21.05363	-17.75611	-15.1674	-12.07422	-9.39252	-6.06465	-2.25395
99.888	-26.95289	-24.09626	-21.01772	-17.77419	-15.1801	-12.03099	-9.32955	-6.00019	-2.38013
99.936	-26.99709	-24.11396	-21.03695	-17.90365	-15.25836	-11.95602	-9.23081	-6.1044	-2.39329
99.984	-26.99079	-24.03222	-21.10099	-18.00341	-15.25229	-11.97965	-9.23322	-6.10862	-2.30539
100.032	-27.03263	-24.00947	-21.12559	-17.92431	-15.11976	-12.04165	-9.32825	-6.05737	-2.37957
100.08	-26.99288	-24.01879	-21.05609	-17.98636	-15.1617	-12.03632	-9.39915	-5.94213	-2.50018
100.128	-26.96035	-24.03468	-21.03662	-18.06619	-15.21962	-12.01056	-9.35049	-5.7105	-2.46529
100.176	-26.92782	-24.06799	-20.99613	-18.12217	-15.25011	-12.01946	-9.33163	-5.51339	-2.56964
100.224	-26.92115	-24.10075	-20.95118	-18.14228	-15.22527	-12.05703	-9.33418	-5.59582	-2.51533
100.272	-26.96989	-24.1166	-20.94798	-18.12666	-15.21429	-12.16087	-9.34229	-5.49402	-2.44921
100.32	-26.97096	-24.09705	-20.9763	-18.17485	-15.21554	-12.13719	-9.29253	-5.55352	-2.41678
100.368	-26.96318	-24.06887	-20.98876	-18.19811	-15.13765	-12.2118	-9.1594	-5.67403	-2.46728
100.416	-26.96457	-24.0938	-20.93056	-18.15298	-15.19043	-12.05694	-9.19263	-5.72241	-2.66032
100.464	-26.93347	-24.08834	-20.98593	-18.13028	-15.21007	-11.90065	-9.24851	-5.73358	-2.91447
100.512	-26.9135	-24.0509	-21.06132	-18.13774	-15.20702	-12.02752	-9.31291	-5.80141	-2.99667
100.56	-26.9098	-24.04858	-21.09556	-18.15993	-15.23681	-12.08525	-9.28734	-5.63951	-3.10626
100.608	-26.89807	-24.08046	-21.05164	-18.17476	-15.20729	-12.14072	-9.30406	-5.84645	-3.16784
100.656	-26.94844	-24.05576	-21.01827	-18.13514	-15.10559	-12.13173	-9.41573	-5.84237	-3.24948
100.704	-26.94821	-24.04802	-21.04107	-18.16211	-15.02997	-12.02914	-9.41101	-5.84399	-3.32028
100.752	-26.94348	-24.06151	-21.01841	-18.14663	-15.04794	-12.08178	-9.4408	-5.99375	-3.26797
100.8	-26.90145	-24.07314	-21.04098	-18.0971	-14.97446	-12.15916	-9.29989	-6.12743	-3.17923
100.848	-26.87287	-24.08092	-21.09074	-18.12059	-15.05916	-12.19183	-9.27608	-6.1948	-3.21232
100.896	-26.94584	-24.11132	-21.05734	-18.14436	-15.0934	-12.17658	-9.32306	-6.19967	-3.18721
100.944	-26.96809	-24.14667	-21.07184	-18.11258	-15.11898	-12.17199	-9.30754	-6.17914	-3.12322
100.992	-26.93783	-24.1172	-21.03459	-18.11855	-15.06629	-12.19808	-9.29206	-6.22752	-2.95724
101.04	-26.85818	-24.07754	-21.06318	-18.1148	-14.95703	-12.14359	-9.27612	-6.24976	-2.79738
101.088	-26.86874	-24.07652	-21.07847	-18.1635	-14.86154	-12.12797	-9.21135	-6.25245	-2.92402
101.136	-26.8497	-24.08801	-21.05854	-18.15113	-14.83536	-12.18131	-9.24003	-6.32997	-2.9299
101.184	-26.8945	-24.0837	-21.02416	-18.15836	-14.78383	-12.18742	-9.24943	-6.3889	-2.94107
101.232	-26.91939	-24.07606	-21.05094	-18.16355	-14.67485	-12.18631	-9.23651	-6.42	-3.01358
101.28	-26.94103	-24.10367	-21.08662	-18.17629	-14.60103	-12.13692	-9.33159	-6.45058	-3.0741
101.328	-26.93426	-24.01596	-21.03727	-18.19445	-14.52259	-12.17097	-9.30963	-6.42472	-2.96345
101.376	-26.98736	-24.04983	-21.04886	-18.13936	-14.65951	-12.18529	-9.30944	-6.41031	-2.91424
101.424	-27.00275	-24.04052	-21.04181	-18.09937	-14.70798	-12.19757	-9.41138	-6.45461	-2.78431
101.472	-26.99227	-24.01809	-21.05965	-18.10331	-14.78235	-12.16189	-9.21964	-6.42153	-2.54096
101.52	-26.97105	-24.0496	-21.09121	-18.09905	-14.93071	-12.22282	-9.2125	-6.42695	-2.50449
101.568	-26.96999	-24.02796	-21.09542	-18.13296	-15.03502	-12.23232	-9.29151	-6.4434	-2.59962
101.616	-26.8655	-24.04506	-21.08491	-18.14626	-15.13422	-12.23816	-9.15959	-6.36189	-2.52085
101.664	-26.86559	-24.05868	-21.05131	-18.2002	-15.14414	-12.251	-9.02698	-6.31824	-2.47201
101.712	-26.86332	-24.06114	-21.02958	-18.17694	-15.1826	-12.30238	-9.07785	-6.2315	-2.4449
101.76	-26.91262	-24.08894	-20.96619	-18.15576	-15.1965	-12.1801	-9.04579	-6.35253	-2.60096
101.808	-26.94223	-24.11563	-20.9509	-18.11726	-15.20122	-12.1561	-9.05696	-6.40253	-2.61278
101.856	-26.97661	-24.02342	-21.00975	-18.10215	-15.19951	-12.18835	-9.0811	-6.37246	-2.50787
101.904	-26.90794	-23.97504	-21.02504	-18.14376	-15.22319	-12.21212	-9.09954	-6.28354	-2.35923
101.952	-26.8256	-23.91819	-21.02073	-18.11017	-15.20298	-12.1643	-8.96271	-6.17757	-2.32916
102	-26.91128	-23.98176	-20.99696	-18.12578	-15.21577	-12.22194	-9.09273	-6.15936	-2.4431
102.048	-26.97216	-24.04242	-21.01392	-18.15836	-15.25155	-12.2238	-9.24184	-6.07753	-2.4449
102.096	-26.98125	-24.05887	-20.76751	-18.13422	-15.19353	-12.18358	-9.27816	-6.0311	-2.58864
102.144	-26.98143	-24.04863	-20.62155	-18.11499	-15.15248	-12.06894	-9.13424	-6.17113	-2.66639
102.192	-26.98833	-24.01846	-20.734	-18.15599	-15.17741	-12.04309	-9.11135	-6.24123	-2.73659
102.24	-26.97749	-24.01888	-20.81727	-18.12819	-15.22416	-12.04123	-9.24726	-6.35133	-2.65782
102.288	-26.98528	-24.01749	-20.97004	-18.12226	-15.17588	-11.96107	-9.27571	-6.39011	-2.50732
102.336	-26.99487	-24.03727	-21.00424	-18.13523	-15.24668	-11.9247	-9.33367	-6.35096	-2.51459
102.384	-26.98301	-24.0414	-21.0002	-18.04933	-15.20994	-11.9677	-9.34544	-6.32306	-2.70193
102.432	-27.00654	-24.01494	-20.98737	-17.98983	-15.22953	-12.07677	-9.34901	-6.28863	-2.77945
102.48	-27.0166	-24.01341	-21.02564	-18.02565	-15.28708	-12.16337	-9.40058	-6.35123	-2.64725
102.528	-27.02313	-24.03931	-21.02444	-18.07389	-15.24422	-12.22676	-9.38131	-6.31894	-2.57492
102.576	-27.00085	-23.9895	-21.05924	-17.99919	-15.1964	-12.09355	-9.30851	-6.40225	-2.78885
102.624	-26.98435	-24.00016	-21.1008	-17.88456	-15.23639	-12.06032	-9.33321	-6.28585	-2.82388
102.672	-26.99051	-24.0604	-21.10247	-17.97097	-15.22124	-12.0056	-9.28831	-6.33682	-2.80466
102.72	-26.98861	-24.07735	-21.05798	-18.06656	-15.22671	-11.95343	-9.30912	-6.33344	-2.80558
102.768	-26.94232	-24.07133	-21.04895	-18.13982	-15.23157	-11.9032	-9.26176	-6.23493	-2.856
102.816	-26.98495	-24.09084	-20.98649	-18.14941	-15.04961	-11.9184	-9.29304	-6.23308	-2.85892
102.864	-26.99121	-24.0926	-21.02587	-18.08617	-14.89017	-11.85746	-9.31125	-6.24823	-2.67543
102.912	-26.98732	-24.06609	-21.03667	-18.01828	-14.95722	-11.80872	-9.39613	-6.1442	-2.75767
102.96	-27.00136	-24.05465	-20.9883	-18.0003	-15.01537	-11.73023	-9.39145	-6.11196	-2.68719
103.008	-26.98087	-24.04923	-21.02578	-18.01263	-15.12926	-11.64817	-9.29466	-6.13299	-2.68414
103.056	-26.95437	-24.00285	-21.06503	-18.08566	-15.20155	-11.50531	-9.32834	-6.11895	-2.7971
103.104	-26.96118	-24.00878	-21.02055	-18.06406	-15.25891	-11.49248	-9.41027	-6.20199	-2.80869
103.152	-26.97657	-24.0148	-21.04353	-18.07935	-15.15044	-11.48321	-9.37718	-6.16413	-2.53665
103.2	-26.92736	-24.04251	-21.06401	-18.05915	-15.07778	-11.60424	-9.18859	-6.13438	-2.44472
103.248	-26.9724	-24.07379	-21.07712	-18.01332	-15.11699	-11.80566	-9.1405	-6.19346	-2.51334
103.296	-26.93709	-24.05812	-21.01665	-18.06643	-15.19682	-11.91534	-9.1417	-6.22872	-2.44152
103.344	-26.93065	-24.02856	-21.0179	-18.07231	-15.19298	-11.99281	-9.14851	-6.24156	-2.50268
103.392	-26.96623	-24.02235	-21.05326	-18.09775	-15.20085	-12.05263	-9.2979	-6.25258	-2.40167
103.44	-26.94464	-24.06874	-21.08602	-18.08274	-15.21957	-12.09929	-9.33395	-6.22256	-2.3552
103.488	-26.94608	-24.07179	-21.08611	-18.09024	-15.2458	-11.97261	-9.33024	-6.10607	-2.43582
103.536	-27.00641	-24.08189	-21.06257	-18.11035	-15.22208	-12.03614	-9.39683	-6.04885	-2.54184
103.584	-27.01076	-24.11169	-21.04422	-18.14293	-15.20535	-12.11755	-9.45322	-6.03082	-2.53957
103.632	-26.96962	-24.11604	-20.97199	-18.14483	-15.19905	-12.20304	-9.45554	-6.17567	-2.53544
103.68	-26.96707	-24.07184	-20.97699	-18.154	-15.21457	-12.27426	-9.39206	-6.24211	-2.47738
103.728	-26.97842	-24.09413	-20.95461	-18.16498	-15.17787	-12.31401	-9.36236	-6.16218	-2.46571
103.776	-26.95817	-24.092	-20.95049	-18.19288	-15.12736	-12.29891	-9.31709	-6.08717	-2.49745
103.824	-26.92777	-24.0666	-21.00326	-18.13185	-15.20215	-12.33825	-9.21621	-6.0488	-2.5993
103.872	-26.97156	-24.03945	-21.02727	-18.14728	-15.2097	-12.36123	-9.22831	-6.06984	-2.82212
103.92	-26.98704	-24.04793	-20.99344	-18.13667	-15.23709	-12.26953	-9.24364	-6.10788	-2.85715
103.968	-26.9844	-24.05451	-21.01638	-18.08774	-15.2294	-12.31513	-9.29971	-6.20514	-2.97045
104.016	-26.9578	-24.0629	-21.08041	-18.14316	-15.20335	-12.26916	-9.27812	-6.1569	-3.02081
104.064	-26.98139	-24.06897	-21.07286	-18.0908	-15.15368	-12.21833	-9.222	-6.26463	-3.03898
104.112	-26.9648	-24.09821	-21.1033	-18.07653	-15.14831	-12.27852	-9.33701	-6.26556	-3.10579
104.16	-26.99714	-24.049	-21.07522	-18.10081	-15.12347	-12.30896	-9.3871	-6.14875	-3.16853
104.208	-26.9584	-24.0306	-21.10233	-18.05938	-15.118	-12.2939	-9.40438	-6.18707	-3.21033
104.256	-26.98264	-24.06915	-21.12374	-18.06258	-15.15336	-12.27064	-9.44252	-6.22228	-3.17613
104.304	-26.99427	-24.1179	-21.1071	-18.08936	-15.12143	-12.28283	-9.45526	-6.19629	-3.21816
104.352	-26.94168	-24.12346	-21.11123	-18.11276	-15.01565	-12.25174	-9.42102	-6.16487	-3.1487
104.4	-26.86355	-24.12494	-21.12128	-18.14566	-15.05823	-12.21328	-9.40549	-6.29535	-3.22858
104.448	-26.89284	-24.09686	-21.12985	-18.16072	-15.1674	-12.261	-9.36958	-6.37019	-3.20449
104.496	-26.94835	-24.03778	-21.11331	-18.16623	-15.13909	-12.28756	-9.32051	-6.40123	-3.20143
104.544	-26.93746	-24.06906	-21.09464	-18.19709	-15.07908	-12.29784	-9.29605	-6.35086	-3.20231
104.592	-26.95039	-24.11021	-21.07745	-18.15062	-15.03668	-12.28603	-9.23034	-6.3042	-3.22566
104.64	-26.92754	-24.12508	-21.04816	-18.15048	-15.02714	-12.30132	-9.17117	-6.32371	-3.22363
104.688	-26.94649	-24.10752	-21.03329	-18.1471	-15.07672	-12.30368	-9.12275	-6.23261	-3.17233
104.736	-26.96174	-24.09153	-21.00938	-18.16508	-15.08663	-12.29288	-8.99843	-6.23363	-3.19758
104.784	-26.97314	-24.04617	-21.03672	-18.19723	-15.07746	-12.27361	-8.90191	-6.32186	-3.1898
104.832	-27.02693	-24.08574	-21.06577	-18.19353	-15.14321	-12.28487	-8.88041	-6.27812	-3.18568
104.88	-27.02661	-24.08857	-21.12415	-18.15581	-15.19159	-12.23422	-8.79715	-6.23104	-3.13466
104.928	-27.0179	-24.10835	-21.14482	-18.18282	-15.21804	-12.20647	-8.84816	-6.22427	-3.14926
104.976	-27.00437	-24.10265	-21.06679	-18.16915	-15.18153	-12.17019	-8.93101	-6.30963	-3.02994
105.024	-26.96424	-24.09028	-21.06313	-18.15243	-15.21948	-12.22454	-8.8875	-6.34665	-3.03379
105.072	-26.99246	-24.06674	-21.08625	-18.14858	-15.23125	-12.26077	-8.92369	-6.28548	-3.04236
105.12	-26.98449	-24.07221	-21.08704	-18.10387	-15.22305	-12.23153	-8.94306	-6.2531	-3.11066
105.168	-26.96999	-24.09834	-21.04682	-18.13686	-15.23602	-12.30637	-8.89283	-6.24749	-3.21237
105.216	-26.93301	-24.10872	-21.04964	-18.12685	-15.21642	-12.27083	-9.05765	-6.2815	-3.30684
105.264	-26.9306	-24.09584	-21.06475	-18.16697	-15.16568	-12.20313	-9.1114	-6.2985	-3.23391
105.312	-26.93662	-24.02601	-21.04534	-18.16637	-15.17662	-12.24076	-9.13888	-6.34841	-3.10681
105.36	-26.94608	-24.02305	-20.98732	-18.19436	-15.0902	-12.27222	-9.17451	-6.33627	-3.08819
105.408	-26.85836	-24.04863	-21.03876	-18.15127	-15.12514	-12.30122	-9.28479	-6.32751	-3.09379
105.456	-26.88709	-24.07884	-21.06322	-18.13227	-15.13316	-12.2528	-9.33553	-6.34924	-3.05695
105.504	-26.97082	-24.07485	-21.05488	-18.16827	-15.19622	-12.20494	-9.37218	-6.27469	-3.12331
105.552	-26.99362	-24.08444	-21.09385	-18.08556	-15.19423	-12.24326	-9.39947	-6.28094	-3.09477
105.6	-26.96943	-24.08203	-21.04552	-18.13723	-15.21698	-12.27945	-9.42843	-6.16557	-3.10255
105.648	-26.96887	-24.0546	-21.07115	-18.16211	-15.22486	-12.2573	-9.43112	-5.99204	-3.0361
105.696	-26.96526	-24.04909	-21.02272	-18.16665	-15.20956	-12.22625	-9.43904	-6.01896	-3.03207
105.744	-26.96679	-24.01517	-20.99298	-18.20826	-15.1629	-12.24979	-9.44103	-6.13174	-3.1461
105.792	-26.96104	-23.99756	-21.01457	-18.17388	-15.21068	-12.24029	-9.41022	-6.06831	-3.16084
105.84	-26.92138	-24.05558	-21.09306	-18.18695	-15.26396	-12.20943	-9.50651	-6.03379	-3.14207
105.888	-26.91461	-24.05882	-21.06415	-18.16591	-15.24955	-12.2453	-9.50396	-5.94529	-3.12743
105.936	-26.97082	-23.99969	-20.9699	-18.11355	-15.20266	-12.25897	-9.53264	-5.97934	-3.1601
105.984	-26.99501	-23.96049	-20.93598	-18.14881	-15.24191	-12.19539	-9.48718	-6.05163	-3.17618
106.032	-27.01085	-23.99548	-20.91485	-18.14186	-15.24483	-12.21421	-9.48399	-6.17715	-3.16881
106.08	-27.03166	-24.00577	-20.97157	-18.09488	-15.2148	-12.20234	-9.47148	-6.19045	-3.09866
106.128	-26.99445	-24.02119	-21.04659	-18.09784	-15.20762	-12.23696	-9.47189	-6.29271	-3.1708
106.176	-26.96387	-24.04344	-21.08894	-18.11466	-15.26586	-12.22926	-9.48681	-6.25907	-3.16663
106.224	-26.96915	-24.06786	-21.09269	-18.12356	-15.21021	-12.2775	-9.5085	-6.2353	-3.19022
106.272	-26.94478	-24.08829	-21.03449	-18.15502	-15.27059	-12.24831	-9.54673	-6.26644	-3.1114
106.32	-26.97564	-24.09858	-20.944	-18.09288	-15.26447	-12.26786	-9.5496	-6.26653	-3.11942
106.368	-26.97115	-24.114	-20.99001	-18.10887	-15.25205	-12.23209	-9.50493	-6.25458	-3.05315
106.416	-26.96707	-24.12332	-20.97796	-18.0465	-15.1762	-12.24752	-9.48718	-6.29707	-2.85998
106.464	-26.99232	-24.08176	-21.01244	-18.09942	-15.19015	-12.2478	-9.46411	-6.1082	-2.91545
106.512	-27.0185	-24.10071	-21.04052	-18.15062	-15.21712	-12.25595	-9.49849	-5.99463	-2.88268
106.56	-27.0381	-24.04214	-21.02879	-18.13167	-15.24283	-12.24595	-9.53991	-5.99625	-2.91943
106.608	-27.02763	-24.02101	-21.07916	-18.16294	-15.25029	-12.19646	-9.50414	-5.97489	-2.87332
106.656	-27.03092	-24.05488	-21.12439	-18.15419	-15.21707	-12.24608	-9.50141	-5.87379	-2.88662
106.704	-27.00497	-24.08477	-21.03667	-18.10943	-15.19015	-12.2238	-9.4598	-5.85752	-2.96618
106.752	-27.0122	-24.07545	-21.06077	-18.14951	-15.16096	-12.24015	-9.42528	-5.80924	-2.9268
106.8	-27.02174	-24.04673	-21.09663	-18.15446	-15.18538	-12.19803	-9.43589	-5.92179	-2.8787
106.848	-26.9901	-24.05187	-21.09093	-18.09659	-15.21489	-12.20846	-9.40934	-5.92578	-2.79177
106.896	-26.93787	-24.07624	-21.07851	-18.06809	-15.2395	-12.20424	-9.38923	-5.90836	-2.80049
106.944	-26.91892	-24.04205	-21.07156	-18.11346	-15.26721	-12.27931	-9.41416	-5.73232	-2.72792
106.992	-26.93176	-24.04038	-21.06818	-18.18101	-15.29079	-12.28241	-9.3751	-5.78441	-2.70198
107.04	-26.95581	-24.06211	-21.06633	-18.19464	-15.23686	-12.24835	-9.38112	-5.92647	-2.81137
107.088	-26.93477	-24.037	-21.08518	-18.17865	-15.21424	-12.24076	-9.34025	-5.86406	-2.82022
107.136	-26.90317	-24.00595	-21.02722	-18.16044	-15.23324	-12.28153	-9.34957	-5.87119	-2.69665
107.184	-26.91563	-24.0844	-21.01605	-18.14209	-15.1453	-12.30141	-9.39025	-5.76842	-2.81837
107.232	-26.95344	-24.07444	-21.00947	-18.13375	-15.18774	-12.28774	-9.36986	-5.76156	-2.84455
107.28	-26.93269	-24.05502	-21.02986	-18.13978	-15.22532	-12.22296	-9.3567	-5.75619	-2.79696
107.328	-26.92884	-24.04297	-21.02082	-18.13473	-15.21429	-12.22746	-9.37158	-5.73617	-2.82991
107.376	-26.94774	-24.0856	-21.02138	-18.14663	-15.17782	-12.23381	-9.37148	-5.81022	-2.87031
107.424	-26.98542	-24.06202	-21.00419	-18.12166	-15.21077	-12.22973	-9.40156	-5.83728	-2.96336
107.472	-26.98328	-24.0376	-21.0167	-18.13	-15.20674	-12.28051	-9.45549	-5.87736	-3.10816
107.52	-26.99352	-24.01577	-21.08106	-18.15771	-15.24242	-12.31791	-9.40934	-5.83867	-3.17154
107.568	-26.99107	-24.04344	-21.08329	-18.15238	-15.26605	-12.29182	-9.38381	-5.9059	-3.24267
107.616	-26.95664	-24.07879	-21.08481	-18.15803	-15.26443	-12.30299	-9.45289	-6.1171	-3.25866
107.664	-26.93968	-24.10529	-21.06192	-18.17633	-15.24886	-12.25799	-9.44465	-6.28196	-3.23567
107.712	-26.93	-24.06938	-21.05229	-18.13375	-15.218	-12.25572	-9.36254	-6.33307	-3.33159
107.76	-26.92351	-24.05766	-21.04816	-18.09937	-15.25465	-12.20489	-9.41439	-6.41453	-3.31393
107.808	-26.95678	-24.05933	-21.04376	-18.11675	-15.26392	-12.22945	-9.32376	-6.42644	-3.31755
107.856	-26.98986	-24.01601	-21.09997	-18.14585	-15.28143	-12.22945	-9.37815	-6.42899	-3.38056
107.904	-26.97115	-23.96698	-21.08472	-18.17332	-15.19173	-12.23028	-9.37927	-6.40596	-3.33562
107.952	-27.00705	-23.94701	-21.03644	-18.16452	-15.18056	-12.287	-9.45846	-6.41583	-3.23164
108	-26.98986	-23.9547	-21.03116	-18.16021	-15.22763	-12.34404	-9.47078	-6.40962	-3.29832
108.048	-26.97782	-24.05493	-21.00118	-18.14696	-15.2666	-12.37666	-9.45239	-6.4352	-3.31069
108.096	-26.98416	-24.08449	-21.06179	-18.16049	-15.29334	-12.3268	-9.35591	-6.45665	-3.36694
108.144	-26.96633	-24.06503	-21.07017	-18.18245	-15.28657	-12.32411	-9.38645	-6.48413	-3.38497
108.192	-26.949	-24.07777	-21.03139	-18.11855	-15.24909	-12.31281	-9.49423	-6.47931	-3.37005
108.24	-26.97379	-24.02055	-21.04561	-18.15419	-15.22805	-12.31943	-9.50238	-6.389	-3.31875
108.288	-26.95456	-24.04552	-21.0357	-18.1553	-15.30182	-12.27722	-9.42987	-6.28205	-3.29137
108.336	-26.9686	-24.04464	-21.00368	-18.16378	-15.2894	-12.31489	-9.42583	-6.33034	-3.25898
108.384	-26.93755	-23.93974	-21.01309	-18.18417	-15.2761	-12.27074	-9.48232	-6.24689	-3.24253
108.432	-26.96072	-23.93098	-20.97467	-18.15901	-15.28611	-12.25999	-9.47166	-6.12048	-3.16158
108.48	-26.98778	-23.99603	-20.95132	-18.15428	-15.28407	-12.27611	-9.44747	-6.10371	-3.05631
108.528	-26.9521	-24.01109	-20.99506	-18.1414	-15.20516	-12.29502	-9.47287	-6.02072	-3.00946
108.576	-26.95873	-24.0559	-21.04645	-18.08695	-15.2174	-12.32388	-9.49298	-6.05992	-3.12173
108.624	-26.94497	-24.08004	-21.06647	-18.11758	-15.23815	-12.25957	-9.52365	-6.13239	-3.19749
108.672	-26.95859	-24.03162	-20.97945	-18.15085	-15.21332	-12.27741	-9.53329	-6.18873	-3.07178
108.72	-26.9742	-23.98482	-20.97829	-18.15071	-15.20145	-12.32263	-9.51188	-6.28312	-2.97601
108.768	-26.95395	-23.98505	-20.92611	-18.18797	-15.15002	-12.32467	-9.48816	-6.25967	-3.064
108.816	-26.9628	-23.99705	-20.94914	-18.12727	-15.15415	-12.30961	-9.45341	-6.30745	-3.15269
108.864	-26.95409	-24.01109	-20.97676	-18.14969	-15.16601	-12.32495	-9.43079	-5.9653	-3.14629
108.912	-26.87013	-24.05002	-21.00697	-18.1749	-15.13478	-12.33009	-9.42051	-5.86911	-3.16645
108.96	-26.88014	-24.06266	-21.03227	-18.15808	-15.15836	-12.24372	-9.42718	-6.1847	-3.22047
109.008	-26.899	-24.08264	-21.03199	-18.14612	-15.19191	-12.2004	-9.31949	-6.2941	-3.17122
109.056	-26.93945	-24.05534	-21.04079	-18.14024	-15.18876	-12.26328	-9.27107	-6.3947	-3.19948
109.104	-26.98148	-24.05414	-21.03977	-18.13676	-15.22041	-12.35205	-9.33219	-6.42458	-3.08897
109.152	-26.95312	-24.06966	-21.05984	-18.12398	-15.22611	-12.26429	-9.40573	-6.41671	-3.08819
109.2	-26.93625	-24.06276	-21.03523	-18.16901	-15.17875	-12.19734	-9.40633	-6.46592	-3.06988
109.248	-26.98074	-24.07712	-21.06711	-18.17972	-15.2337	-12.21115	-9.47662	-6.50771	-2.98481
109.296	-27.02012	-24.05446	-21.07995	-18.15011	-15.19024	-12.21444	-9.46207	-6.48783	-2.87115
109.344	-27.00247	-24.01434	-21.06878	-18.19315	-15.17852	-12.21258	-9.48023	-6.44344	-2.89534
109.392	-26.9957	-24.05585	-21.08106	-18.1762	-15.23167	-12.25716	-9.48802	-6.42718	-2.7921
109.44	-27.00673	-24.10854	-21.05442	-18.07908	-15.22272	-12.28	-9.53255	-6.45206	-2.8673
109.488	-26.99051	-24.08023	-21.0173	-18.09363	-15.2338	-12.32657	-9.5255	-6.44076	-3.057
109.536	-26.91568	-24.09607	-21.02356	-18.07092	-15.24033	-12.29752	-9.51841	-6.42658	-2.95715
109.584	-26.95483	-24.0768	-21.04121	-18.1003	-15.22856	-12.28561	-9.47982	-6.40966	-2.916
109.632	-26.94997	-24.03282	-21.06253	-18.08584	-15.26392	-12.24367	-9.49622	-6.42727	-2.98875
109.68	-26.91841	-24.04214	-21.04765	-18.12583	-15.25808	-12.26837	-9.50146	-6.46578	-2.91498
109.728	-26.90892	-24.06049	-21.06494	-18.1623	-15.27235	-12.2813	-9.48269	-6.50201	-2.93078
109.776	-26.95284	-24.08403	-21.08468	-18.17342	-15.28792	-12.31726	-9.56137	-6.50748	-3.05533
109.824	-26.98467	-24.03273	-21.08208	-18.17087	-15.21281	-12.3648	-9.56197	-6.49654	-3.1576
109.872	-26.98004	-24.03009	-20.99728	-18.18611	-15.25015	-12.38699	-9.55539	-6.48149	-3.09602
109.92	-26.95914	-24.04645	-21.00058	-18.21169	-15.25442	-12.38463	-9.56086	-6.44154	-3.13132
109.968	-26.95368	-24.04645	-21.04103	-18.19658	-15.21489	-12.39251	-9.5433	-6.46035	-3.0911
110.016	-26.89974	-24.08491	-21.06276	-18.17369	-15.16429	-12.38699	-9.45544	-6.49965	-3.13054
110.064	-26.86934	-24.11502	-21.10465	-18.1812	-15.21457	-12.33579	-9.47866	-6.51355	-3.1126
110.112	-26.90113	-24.14542	-21.10682	-18.20298	-15.25873	-12.23589	-9.51373	-6.43464	-3.08767
110.16	-26.93616	-24.10682	-21.03357	-18.19051	-15.29654	-12.26768	-9.55785	-6.38404	-3.10649
110.208	-26.96804	-24.06985	-21.01471	-18.13857	-15.2534	-12.22264	-9.59265	-6.37301	-3.05075
110.256	-26.99765	-24.06123	-21.05266	-18.15748	-15.18176	-12.24326	-9.5882	-6.39734	-3.09982
110.304	-26.94723	-24.06331	-20.99265	-18.13352	-15.19594	-12.2541	-9.56753	-6.38992	-3.06678
110.352	-26.97907	-24.03018	-20.99256	-18.12064	-15.2079	-12.2864	-9.52926	-6.34072	-3.0931
110.4	-26.97629	-24.02467	-21.01063	-18.12314	-15.22486	-12.27389	-9.50933	-6.09235	-3.13763
110.448	-26.9692	-24.0578	-21.02462	-18.19844	-15.23069	-12.29117	-9.44808	-5.99236	-3.14541
110.496	-26.95724	-24.0705	-21.00841	-18.18347	-15.21364	-12.3066	-9.44349	-6.02192	-3.12817
110.544	-26.94209	-24.01211	-21.01156	-18.16971	-15.23723	-12.28996	-9.47796	-6.07808	-3.15282
110.592	-26.93106	-24.05094	-21.03032	-18.20807	-15.26355	-12.27917	-9.47384	-6.14059	-3.27052
110.64	-26.93092	-24.07101	-21.09107	-18.18287	-15.21851	-12.34603	-9.47477	-6.1829	-3.36884
110.688	-26.93866	-24.04853	-21.04487	-18.18977	-15.2217	-12.35307	-9.39178	-6.20273	-3.40373
110.736	-26.89881	-23.97009	-21.06994	-18.19589	-15.21957	-12.32722	-9.42713	-6.26023	-3.43987
110.784	-26.93987	-23.98714	-21.01865	-18.21438	-15.20762	-12.25878	-9.47949	-6.24809	-3.43686
110.832	-26.90766	-23.99821	-21.061	-18.19946	-15.20387	-12.25382	-9.48468	-6.26848	-3.42519
110.88	-26.94103	-24.00762	-21.02537	-18.18574	-15.15567	-12.28209	-9.51309	-6.27858	-3.40424
110.928	-26.93357	-24.0686	-21.02138	-18.1578	-15.05828	-12.30966	-9.47439	-6.3757	-3.34878
110.976	-26.90933	-24.05405	-21.078	-18.12379	-15.09581	-12.26721	-9.43765	-6.40526	-3.32315
111.024	-26.91466	-24.04826	-21.07874	-18.11577	-15.14247	-12.27486	-9.43811	-6.39933	-3.2998
111.072	-26.95863	-23.99474	-21.05613	-18.09775	-15.1883	-12.28288	-9.38631	-6.40429	-3.21431
111.12	-27.00451	-24.02319	-21.02898	-18.07509	-15.27128	-12.27287	-9.35851	-6.43728	-3.3049
111.168	-27.01322	-24.06382	-21.03672	-18.10498	-15.30488	-12.26772	-9.3941	-6.48033	-3.31241
111.216	-26.98226	-24.06401	-21.04742	-18.11656	-15.22008	-12.29766	-9.45758	-6.53588	-3.30911
111.264	-26.98602	-24.08977	-21.07101	-18.0997	-15.21443	-12.29724	-9.42343	-6.50474	-3.34818
111.312	-26.9729	-24.08574	-21.01948	-18.07226	-15.22309	-12.27713	-9.3984	-6.49131	-3.29503
111.36	-26.8945	-24.07671	-21.06938	-18.11781	-15.19594	-12.31656	-9.43538	-6.49131	-3.29484
111.408	-26.93774	-24.10168	-21.03732	-18.07092	-15.19914	-12.29386	-9.48403	-6.53079	-3.21922
111.456	-26.99343	-24.08305	-21.06114	-18.0604	-15.21401	-12.24599	-9.50609	-6.56058	-3.279
111.504	-27.00117	-24.03922	-21.08658	-18.08788	-15.22569	-12.28769	-9.55307	-6.52184	-3.18188
111.552	-26.94311	-24.07003	-21.0957	-18.11299	-15.20521	-12.3224	-9.53051	-6.51971	-3.09782
111.6	-26.90905	-24.12378	-21.102	-18.15609	-15.19557	-12.33324	-9.50817	-6.56985	-3.033
111.648	-26.93936	-24.10752	-21.08199	-18.15321	-15.13784	-12.31897	-9.53185	-6.56966	-2.99269
111.696	-26.94923	-24.07916	-21.06605	-18.07064	-15.21461	-12.30841	-9.52791	-6.56026	-3.07085
111.744	-26.96507	-24.05414	-21.01827	-18.04516	-15.25669	-12.29682	-9.54534	-6.51624	-3.05019
111.792	-26.94367	-24.07411	-20.96281	-18.05924	-15.27541	-12.27648	-9.55437	-6.45558	-3.09833
111.84	-26.8724	-24.07874	-20.97926	-18.06809	-15.21712	-12.29349	-9.55479	-6.44261	-3.20764
111.888	-26.93162	-24.09492	-21.00326	-18.13375	-15.18028	-12.32685	-9.54872	-6.50567	-3.34771
111.936	-26.94696	-24.08931	-21.06503	-18.11953	-15.20289	-12.34835	-9.45906	-6.50521	-3.42801
111.984	-26.88487	-24.07796	-21.12142	-18.12828	-15.24473	-12.36382	-9.50442	-6.45243	-3.46114
112.032	-26.93037	-24.05757	-21.15761	-18.19084	-15.27907	-12.31568	-9.49529	-6.49636	-3.43246
112.08	-26.93282	-24.06605	-21.12526	-18.17768	-15.23991	-12.34779	-9.46749	-6.4902	-3.45234
112.128	-26.98273	-24.06999	-21.13013	-18.15646	-15.23871	-12.38347	-9.51424	-6.43802	-3.43886
112.176	-27.01614	-24.0641	-21.06892	-18.16424	-15.27972	-12.32402	-9.43269	-6.40651	-3.40656
112.224	-26.93412	-24.07388	-21.03324	-18.12546	-15.24654	-12.28394	-9.44177	-6.42171	-3.4421
112.272	-26.91744	-24.07054	-21.04538	-18.14015	-15.20298	-12.26837	-9.43682	-6.38844	-3.5021
112.32	-26.97629	-24.07406	-21.02666	-18.17221	-15.24459	-12.31012	-9.46471	-6.33789	-3.47625
112.368	-26.99158	-24.11929	-21.04687	-18.20075	-15.23023	-12.32773	-9.48139	-6.29985	-3.50248
112.416	-26.97151	-24.11521	-21.0199	-18.1704	-15.22532	-12.30391	-9.4155	-6.30847	-3.45586
112.464	-26.91999	-24.10363	-20.98783	-18.19088	-15.23676	-12.28589	-9.3251	-6.33126	-3.49552
112.512	-26.92416	-24.07351	-20.97444	-18.22133	-15.17982	-12.35252	-9.35879	-6.30323	-3.52884
112.56	-26.94112	-24.04881	-21.02773	-18.16883	-15.16897	-12.4033	-9.31625	-6.181	-3.54932
112.608	-26.97309	-24.01749	-21.06855	-18.12537	-15.18079	-12.37925	-9.32756	-6.24332	-3.55734
112.656	-26.91702	-24.02258	-21.10682	-18.09557	-15.23547	-12.41882	-9.22098	-6.23442	-3.49302
112.704	-26.95775	-24.03477	-21.1235	-18.11253	-15.22611	-12.35261	-9.29216	-6.15496	-3.44423
112.752	-27.00562	-24.05053	-21.08963	-18.08403	-15.20507	-12.30183	-9.26171	-6.22358	-3.44683
112.8	-26.99617	-24.03486	-21.11178	-18.10766	-15.15132	-12.31545	-9.39984	-6.25722	-3.44743
112.848	-26.97017	-24.06452	-21.05229	-18.16735	-15.20827	-12.29886	-9.43418	-6.33233	-3.48686
112.896	-27.00381	-24.06452	-21.03477	-18.14427	-15.22731	-12.26124	-9.48399	-6.38265	-3.53857
112.944	-27.01641	-24.01128	-21.03051	-18.14622	-15.18955	-12.28603	-9.51684	-6.41995	-3.56035
112.992	-27.02832	-24.00729	-20.99738	-18.16906	-15.17792	-12.28413	-9.52916	-6.43793	-3.52064
113.04	-27.01257	-24.03259	-21.00173	-18.19093	-15.11782	-12.2788	-9.55386	-6.47426	-3.35337
113.088	-26.97434	-24.03426	-20.96995	-18.1597	-15.15892	-12.28413	-9.54042	-6.51647	-3.21732
113.136	-26.92379	-24.05539	-20.99182	-18.20061	-15.15989	-12.28445	-9.54223	-6.44108	-3.29957
113.184	-26.94501	-23.97087	-20.97551	-18.20701	-15.1376	-12.30535	-9.48084	-6.46119	-3.34317
113.232	-26.97944	-23.9927	-21.0097	-18.1585	-15.18366	-12.3135	-9.51258	-6.43469	-3.31403
113.28	-26.99399	-24.01786	-21.03616	-18.10831	-15.13547	-12.28959	-9.5129	-6.42134	-3.30587
113.328	-26.98593	-24.01378	-21.05558	-18.09182	-15.17236	-12.31012	-9.53778	-6.46879	-3.25481
113.376	-27.00001	-24.00479	-21.09714	-18.17332	-15.10364	-12.30526	-9.5255	-6.50479	-3.28947
113.424	-27.00024	-24.01846	-21.08486	-18.10706	-15.12866	-12.34649	-9.52916	-6.54024	-3.31032
113.472	-27.00372	-24.01202	-21.04084	-18.1142	-15.16323	-12.34691	-9.50363	-6.5755	-3.3947
113.52	-26.98426	-23.99057	-21.04863	-18.13658	-15.13788	-12.28445	-9.51962	-6.55335	-3.35874
113.568	-26.98379	-24.05521	-21.06369	-18.11184	-15.20678	-12.23084	-9.58329	-6.52745	-3.36824
113.616	-26.98593	-24.04997	-21.08945	-18.16243	-15.20197	-12.23172	-9.51105	-6.53477	-3.35258
113.664	-26.99987	-24.07619	-21.06429	-18.16197	-15.1806	-12.30433	-9.45104	-6.57254	-3.33099
113.712	-27.01387	-24.00711	-21.07402	-18.13959	-15.21499	-12.30901	-9.51758	-6.60052	-3.29938
113.76	-27.02003	-24.04135	-21.04635	-18.15261	-15.22907	-12.35062	-9.52875	-6.57638	-3.08035
113.808	-26.992	-24.02356	-21.07365	-18.16688	-15.23468	-12.33009	-9.54886	-6.50136	-3.00742
113.856	-26.97073	-24.02379	-21.04302	-18.15201	-15.24427	-12.34334	-9.56679	-6.49163	-2.96414
113.904	-26.96461	-24.06424	-21.03065	-18.17013	-15.24733	-12.31494	-9.57263	-6.53574	-3.13123
113.952	-26.95052	-24.05368	-21.042	-18.20655	-15.24283	-12.32527	-9.53181	-6.51879	-3.28011
114	-26.96906	-24.06776	-21.05368	-18.24755	-15.17435	-12.33913	-9.49844	-6.46953	-3.37778
114.048	-26.98963	-24.08259	-21.05678	-18.24431	-15.20901	-12.34876	-9.48403	-6.49177	-3.43533
114.096	-27.00858	-24.06609	-21.06053	-18.22249	-15.2104	-12.36387	-9.43	-6.46383	-3.44988
114.144	-26.99621	-24.07721	-21.08982	-18.22165	-15.192	-12.32889	-9.40739	-6.38965	-3.47597
114.192	-26.93194	-24.07337	-21.10984	-18.21799	-15.1883	-12.34821	-9.41481	-6.36926	-3.43408
114.24	-26.93676	-24.08166	-21.09774	-18.12402	-15.28806	-12.37193	-9.38339	-6.43274	-3.43186
114.288	-26.94594	-24.07805	-21.04232	-18.09497	-15.34297	-12.36976	-9.43098	-6.42357	-3.44761
114.336	-26.95826	-24.07453	-21.03394	-18.13839	-15.35474	-12.36243	-9.36921	-6.42477	-3.48338
114.384	-26.91295	-24.05595	-21.02578	-18.1609	-15.32624	-12.3547	-9.37255	-6.44817	-3.50966
114.432	-26.947	-24.05456	-21.09621	-18.14395	-15.29547	-12.35822	-9.41573	-6.42148	-3.53648
114.48	-26.96684	-24.06684	-21.04209	-18.10743	-15.2742	-12.30669	-9.45058	-6.35791	-3.56118
114.528	-26.98801	-24.09213	-21.03306	-18.12059	-15.19196	-12.34033	-9.49677	-6.39878	-3.53704
114.576	-26.92967	-24.05919	-21.0527	-18.01972	-15.21304	-12.38347	-9.47982	-6.42991	-3.54135
114.624	-26.88996	-24.01072	-21.05354	-18.04544	-15.19001	-12.38787	-9.46939	-6.40118	-3.47694
114.672	-26.88172	-23.98348	-21.08797	-18.11216	-15.21146	-12.34242	-9.523	-6.38029	-3.46953
114.72	-26.961	-24.02907	-21.05043	-18.12435	-15.22156	-12.34603	-9.48325	-6.39525	-3.45447
114.768	-27.01799	-24.08847	-21.0609	-18.14524	-15.22652	-12.34358	-9.41893	-6.41592	-3.47982
114.816	-27.04361	-24.07115	-21.09501	-18.20896	-15.29728	-12.3452	-9.49034	-6.44831	-3.50609
114.864	-27.06822	-24.07837	-21.0325	-18.22934	-15.2629	-12.34867	-9.50512	-6.47889	-3.4687
114.912	-27.05135	-24.06892	-21.05275	-18.24579	-15.22194	-12.34988	-9.5451	-6.47926	-3.47833
114.96	-26.99385	-24.00368	-21.09579	-18.19459	-15.25497	-12.31577	-9.54756	-6.47829	-3.4787
115.008	-26.96359	-23.9453	-21.02662	-18.1894	-15.26535	-12.31888	-9.57332	-6.50248	-3.54052
115.056	-26.98796	-23.98695	-21.03991	-18.19121	-15.27202	-12.3432	-9.5692	-6.53412	-3.57675
115.104	-26.97448	-24.04121	-21.04696	-18.15266	-15.2686	-12.29325	-9.48936	-6.54876	-3.5761
115.152	-26.9515	-24.0862	-21.09163	-18.16846	-15.24116	-12.28343	-9.49645	-6.52791	-3.52745
115.2	-26.92991	-24.09325	-21.09719	-18.16267	-15.20808	-12.32305	-9.468	-6.54862	-3.50989
115.248	-26.923	-24.09417	-21.02147	-18.09511	-15.23635	-12.27013	-9.46415	-6.57545	-3.46137
115.296	-26.93579	-24.09811	-21.01095	-18.11466	-15.28004	-12.31054	-9.46823	-6.49617	-3.39192
115.344	-26.97216	-24.06878	-20.9661	-18.07217	-15.26095	-12.30067	-9.48389	-6.43547	-3.35054
115.392	-26.94839	-24.07624	-21.01563	-18.14019	-15.2452	-12.36697	-9.52481	-6.44506	-3.41532
115.44	-26.95502	-24.10029	-21.00109	-18.16081	-15.25437	-12.36396	-9.50275	-6.47361	-3.50433
115.488	-26.98291	-24.09714	-20.96304	-18.16359	-15.25053	-12.38074	-9.50414	-6.49932	-3.52513
115.536	-27.00237	-24.03042	-20.98598	-18.10845	-15.26095	-12.38871	-9.49631	-6.44451	-3.54737
115.584	-27.03588	-24.04367	-21.03431	-18.08501	-15.2369	-12.41748	-9.4933	-6.47866	-3.53
115.632	-27.00794	-24.05497	-21.03371	-18.14608	-15.21517	-12.40372	-9.50841	-6.4275	-3.56285
115.68	-26.95687	-24.07017	-21.04098	-18.13635	-15.22435	-12.38417	-9.55094	-6.51786	-3.57471
115.728	-26.97156	-24.05678	-21.03496	-18.10169	-15.25622	-12.37606	-9.56614	-6.53676	-3.55687
115.776	-26.96067	-24.05113	-21.04376	-18.07625	-15.28282	-12.35289	-9.51647	-6.57198	-3.41972
115.824	-26.94909	-24.02606	-21.05414	-18.05999	-15.26253	-12.34784	-9.52574	-6.54385	-3.37825
115.872	-26.97559	-24.08407	-21.02045	-18.0516	-15.27249	-12.33713	-9.51883	-6.55771	-3.35346
115.92	-26.97587	-24.09107	-20.99886	-18.13862	-15.25775	-12.31133	-9.58616	-6.52458	-3.46833
115.968	-26.95748	-24.08282	-21.0262	-18.18797	-15.27638	-12.30748	-9.56355	-6.51373	-3.5363
116.016	-26.99399	-24.1305	-21.02189	-18.21975	-15.22314	-12.2642	-9.47175	-6.49789	-3.56818
116.064	-26.96494	-24.14714	-20.98927	-18.22258	-15.18352	-12.20132	-9.42259	-6.52208	-3.60043
116.112	-27.00543	-24.12925	-20.9712	-18.20293	-15.24103	-12.23978	-9.4136	-6.54015	-3.6235
116.16	-27.02221	-24.06924	-21.02717	-18.2229	-15.24649	-12.27949	-9.4927	-6.49386	-3.57694
116.208	-26.99946	-24.07323	-21.01614	-18.20326	-15.27925	-12.26712	-9.50025	-6.48042	-3.53125
116.256	-27.01665	-24.06878	-21.01707	-18.18514	-15.21698	-12.31054	-9.56447	-6.46786	-3.54645
116.304	-27.01818	-24.08115	-20.99701	-18.16489	-15.16448	-12.3155	-9.53181	-6.47277	-3.54297
116.352	-26.97281	-24.08908	-20.98978	-18.19431	-15.18598	-12.33157	-9.55085	-6.49511	-3.48491
116.4	-26.93185	-24.05493	-21.02064	-18.13778	-15.17194	-12.36874	-9.56461	-6.50526	-3.50104
116.448	-26.89325	-24.09547	-21.0458	-18.15572	-15.24594	-12.32912	-9.55099	-6.46888	-3.52523
116.496	-26.94228	-24.08074	-21.08653	-18.1407	-15.27703	-12.22468	-9.57471	-6.46962	-3.55066
116.544	-26.92643	-24.0243	-21.0686	-18.17851	-15.2066	-12.20211	-9.58667	-6.47996	-3.59125
116.592	-26.95826	-23.99965	-21.02694	-18.18389	-15.2748	-12.19859	-9.51851	-6.50062	-3.54751
116.64	-26.97587	-24.04937	-21.04334	-18.13871	-15.25803	-12.23816	-9.46087	-6.52379	-3.51091
116.688	-26.96285	-24.03658	-21.04029	-18.15479	-15.20071	-12.21564	-9.44062	-6.4851	-3.51105
116.736	-26.95386	-24.06837	-21.047	-18.16897	-15.22073	-12.27398	-9.4522	-6.47972	-3.49154
116.784	-26.94344	-24.06609	-21.05641	-18.19251	-15.21146	-12.32504	-9.53746	-6.43255	-3.48417
116.832	-26.9635	-24.06966	-21.05924	-18.21086	-15.19895	-12.35859	-9.55873	-6.4434	-3.52847
116.88	-26.96772	-24.08227	-21.06901	-18.17939	-15.20623	-12.35497	-9.52805	-6.45614	-3.52875
116.928	-26.99218	-24.05493	-21.03477	-18.14154	-15.21142	-12.26082	-9.5236	-6.50841	-3.54209
116.976	-27.01359	-24.04205	-20.98769	-18.09877	-15.25145	-12.22982	-9.54047	-6.54589	-3.51313
117.024	-27.02211	-24.06693	-20.98927	-18.09288	-15.27254	-12.24349	-9.47338	-6.52342	-3.5205
117.072	-27.02628	-24.04566	-20.96309	-18.1281	-15.25877	-12.26647	-9.38895	-6.49511	-3.56693
117.12	-27.00868	-24.04395	-20.96619	-18.142	-15.20785	-12.32411	-9.44803	-6.47713	-3.48552
117.168	-26.93709	-24.04524	-21.01503	-18.10581	-15.14636	-12.36202	-9.4819	-6.48538	-3.35865
117.216	-26.93079	-24.07003	-21.02606	-18.08329	-15.20197	-12.36137	-9.52866	-6.4452	-3.39196
117.264	-26.92791	-24.02921	-21.00252	-18.13301	-15.23227	-12.37796	-9.57383	-6.49084	-3.33807
117.312	-26.95562	-24.01244	-20.99302	-18.16044	-15.17514	-12.27833	-9.59579	-6.49219	-3.31004
117.36	-26.94682	-24.07054	-20.96819	-18.12713	-15.15679	-12.24539	-9.51809	-6.51587	-3.3814
117.408	-26.91295	-24.08871	-20.99307	-18.15247	-15.2041	-12.2775	-9.40415	-6.54673	-3.45767
117.456	-26.90678	-24.10479	-20.98742	-18.12745	-15.22379	-12.30771	-9.39358	-6.549	-3.50822
117.504	-26.89849	-24.09969	-21.0262	-18.10841	-15.24617	-12.34371	-9.35017	-6.53537	-3.52013
117.552	-26.83445	-24.1172	-21.00488	-18.07838	-15.23996	-12.33982	-9.30249	-6.50368	-3.46615
117.6	-26.88329	-24.06568	-21.00275	-18.08718	-15.21346	-12.3199	-9.28386	-6.46425	-3.4376
117.648	-26.92504	-24.09126	-21.01452	-18.06485	-15.24955	-12.36299	-9.36778	-6.47018	-3.38288
117.696	-26.92263	-24.07721	-20.97569	-18.09386	-15.25479	-12.40794	-9.44428	-6.4819	-3.37236
117.744	-26.96165	-24.09088	-20.9061	-18.10025	-15.2711	-12.26355	-9.47231	-6.468	-3.37792
117.792	-26.99529	-24.09329	-20.98783	-18.11211	-15.28129	-12.27236	-9.4889	-6.48584	-3.33882
117.84	-26.99149	-24.08532	-20.98672	-18.14103	-15.27754	-12.29511	-9.48037	-6.47518	-3.3542
117.888	-27.00594	-24.07921	-21.00627	-18.1781	-15.24038	-12.3174	-9.51851	-6.53959	-3.4269
117.936	-27.0242	-24.01137	-21.03496	-18.11582	-15.21309	-12.29325	-9.52513	-6.53542	-3.43357
117.984	-26.97763	-24.02328	-20.95971	-18.17286	-15.19946	-12.33134	-9.51614	-6.54714	-3.47398
118.032	-27.00418	-24.07467	-20.97041	-18.20974	-15.1693	-12.35113	-9.51633	-6.51786	-3.50289
118.08	-27.02577	-24.06989	-20.99817	-18.18875	-15.24668	-12.33662	-9.54251	-6.47996	-3.48853
118.128	-26.99348	-24.03931	-21.00961	-18.18871	-15.2313	-12.30743	-9.58185	-6.31801	-3.4636
118.176	-26.97587	-24.02018	-21.00563	-18.12611	-15.21438	-12.34446	-9.60071	-6.32061	-3.49691
118.224	-27.00849	-24.04001	-20.97111	-18.09803	-15.18881	-12.32453	-9.55382	-6.39238	-3.51517
118.272	-26.94904	-24.03106	-21.00878	-18.07458	-15.20122	-12.28422	-9.51452	-6.48084	-3.54427
118.32	-26.98616	-24.03	-21.01503	-18.08765	-15.21364	-12.3217	-9.50924	-6.44766	-3.52717
118.368	-26.96938	-24.05493	-21.03588	-18.08663	-15.1977	-12.37406	-9.54066	-6.48709	-3.58315
118.416	-26.98509	-24.0799	-21.04283	-18.1022	-15.16935	-12.347	-9.51031	-6.54895	-3.54761
118.464	-26.97346	-24.08004	-21.02119	-18.10447	-15.18779	-12.30711	-9.41694	-6.53913	-3.55201
118.512	-27.00376	-24.06336	-21.0135	-18.13922	-15.21577	-12.30683	-9.47782	-6.47541	-3.54566
118.56	-26.96642	-24.03843	-21.06582	-18.17374	-15.22073	-12.30155	-9.55219	-6.45947	-3.50159
118.608	-26.97749	-24.05567	-21.07791	-18.16345	-15.26443	-12.33922	-9.59797	-6.49525	-3.44497
118.656	-26.9951	-24.0489	-21.04473	-18.12676	-15.23653	-12.35882	-9.5534	-6.46559	-3.48793
118.704	-26.98662	-24.0312	-21.05395	-18.12805	-15.26498	-12.33829	-9.55808	-6.46661	-3.53352
118.752	-27.00965	-24.02115	-21.047	-18.16267	-15.24974	-12.33751	-9.58523	-6.46652	-3.51897
118.8	-27.00942	-24.05562	-21.0426	-18.15961	-15.2559	-12.30512	-9.60576	-6.45623	-3.54867
118.848	-26.96206	-24.00637	-20.95767	-18.14594	-15.29172	-12.34228	-9.57165	-6.42032	-3.52676
118.896	-26.91665	-23.99409	-20.98158	-18.17198	-15.24126	-12.38023	-9.5401	-6.45188	-3.51702
118.944	-26.87662	-23.99548	-21.03727	-18.15164	-15.26531	-12.35229	-9.45623	-6.50201	-3.49159
118.992	-26.88556	-24.00062	-21.05043	-18.15914	-15.26688	-12.3572	-9.49427	-6.53556	-3.47009
119.04	-26.90748	-24.03426	-21.03769	-18.2021	-15.29288	-12.34589	-9.49826	-6.54483	-3.48691
119.088	-26.93065	-24.06484	-21.07884	-18.13561	-15.25307	-12.37657	-9.45303	-6.59093	-3.54371
119.136	-26.96633	-24.09167	-21.07606	-18.1736	-15.20053	-12.39107	-9.44196	-6.60474	-3.59487
119.184	-26.98857	-24.04135	-21.07156	-18.17643	-15.21364	-12.31707	-9.46314	-6.56489	-3.58254
119.232	-26.94867	-24.02319	-21.06665	-18.18037	-15.216	-12.36331	-9.51489	-6.51554	-3.53792
119.28	-26.95196	-24.05609	-21.08542	-18.13871	-15.24181	-12.3452	-9.54288	-6.50034	-3.49312
119.328	-26.95284	-24.08787	-21.03519	-18.13144	-15.22893	-12.31313	-9.4939	-6.50641	-3.52421
119.376	-26.95993	-24.0793	-21.01651	-18.11012	-15.22031	-12.3445	-9.44872	-6.48603	-3.54473
119.424	-26.96656	-24.05159	-20.9958	-18.13301	-15.19159	-12.33653	-9.50173	-6.41569	-3.55646
119.472	-26.97652	-24.0148	-20.9276	-18.18454	-15.16471	-12.33167	-9.52101	-6.48227	-3.49552
119.52	-26.99172	-24.04154	-20.92078	-18.19765	-15.21994	-12.31559	-9.48922	-6.4807	-3.51702
119.568	-26.99579	-24.07184	-20.96837	-18.17694	-15.25831	-12.2876	-9.53787	-6.45799	-3.52624
119.616	-26.97763	-24.06002	-21.00132	-18.17888	-15.23111	-12.25846	-9.5881	-6.49311	-3.44826
119.664	-27.002	-24.08027	-20.98098	-18.16109	-15.2787	-12.32143	-9.53727	-6.43835	-3.44247
119.712	-26.97976	-24.06104	-21.0312	-18.15442	-15.28838	-12.29557	-9.51207	-6.38701	-3.49502
119.76	-26.93551	-24.07508	-21.06146	-18.14242	-15.22763	-12.25308	-9.54307	-6.44126	-3.55409
119.808	-26.96229	-24.04038	-21.07898	-18.12606	-15.22078	-12.27036	-9.5243	-6.52198	-3.57249
119.856	-26.97402	-24.10437	-21.03695	-18.15562	-15.25548	-12.28621	-9.57541	-6.48973	-3.50641
119.904	-27.00627	-24.1058	-21.05683	-18.17921	-15.25697	-12.26837	-9.57555	-6.5174	-3.53412
119.952	-26.98254	-24.04719	-21.06387	-18.17346	-15.19358	-12.25883	-9.62086	-6.51281	-3.58361
120	-27.00122	-24.02342	-21.07277	-18.15613	-15.21999	-12.24924	-9.58055	-6.50516	-3.60724
